Timestamp,Interface Name,Point ID,Flow (MWH),Positive Limit (MWH),Negative Limit (MWH)
07/19/2025 00:00,CENTRAL EAST - VC,23330,1752.2,3065,-9999
07/19/2025 00:00,DYSINGER EAST,23326,983.96,3200,-9999
07/19/2025 00:00,MOSES SOUTH,23319,131.24,3150,-1600
07/19/2025 00:00,SCH - HQ - NY,23324,-109,1500,-980
07/19/2025 00:00,SCH - HQ_CEDARS,325274,0,270,-40
07/19/2025 00:00,SCH - HQ_IMPORT_EXPORT,325376,-109,1310,-9999
07/19/2025 00:00,SCH - NE - NY,23318,-453.49,1400,-1600
07/19/2025 00:00,SCH - NPX_1385,325277,32,125,-125
07/19/2025 00:00,SCH - NPX_CSC,325154,330,330,-330
07/19/2025 00:00,SCH - OH - NY,23317,1400.16,2000,-1600
07/19/2025 00:00,SCH - PJ - NY,23316,698.02,2000,-1050
07/19/2025 00:00,SCH - PJM_HTP,325905,660,660,-660
07/19/2025 00:00,SCH - PJM_NEPTUNE,325305,660,660,-660
07/19/2025 00:00,SCH - PJM_VFT,325658,315,315,-315
07/19/2025 00:00,SPR/DUN-SOUTH,23320,2515.46,4600,-9999
07/19/2025 00:00,TOTAL EAST,23314,3216.41,7550,-9999
07/19/2025 00:00,UPNY CONED,23315,3840.71,6615,-9999
07/19/2025 00:00,WEST CENTRAL,23312,611.6,9999,-9999
07/19/2025 00:05,CENTRAL EAST - VC,23330,1776.6,3065,-9999
07/19/2025 00:05,DYSINGER EAST,23326,801.13,3200,-9999
07/19/2025 00:05,MOSES SOUTH,23319,359.47,3150,-1600
07/19/2025 00:05,SCH - HQ - NY,23324,148,1500,-980
07/19/2025 00:05,SCH - HQ_CEDARS,325274,0,270,-40
07/19/2025 00:05,SCH - HQ_IMPORT_EXPORT,325376,148,1310,-9999
07/19/2025 00:05,SCH - NE - NY,23318,-303.32,1400,-1600
07/19/2025 00:05,SCH - NPX_1385,325277,57,125,-125
07/19/2025 00:05,SCH - NPX_CSC,325154,330,330,-330
07/19/2025 00:05,SCH - OH - NY,23317,1400.25,2000,-1600
07/19/2025 00:05,SCH - PJ - NY,23316,446.64,2000,-1050
07/19/2025 00:05,SCH - PJM_HTP,325905,660,660,-660
07/19/2025 00:05,SCH - PJM_NEPTUNE,325305,660,660,-660
07/19/2025 00:05,SCH - PJM_VFT,325658,315,315,-315
07/19/2025 00:05,SPR/DUN-SOUTH,23320,2620.47,4600,-9999
07/19/2025 00:05,TOTAL EAST,23314,3082.82,7550,-9999
07/19/2025 00:05,UPNY CONED,23315,3826.82,6615,-9999
07/19/2025 00:05,WEST CENTRAL,23312,440.23,9999,-9999
07/19/2025 00:10,CENTRAL EAST - VC,23330,1699.84,3065,-9999
07/19/2025 00:10,DYSINGER EAST,23326,780.66,3200,-9999
07/19/2025 00:10,MOSES SOUTH,23319,339.79,3150,-1600
07/19/2025 00:10,SCH - HQ - NY,23324,148,1500,-980
07/19/2025 00:10,SCH - HQ_CEDARS,325274,0,270,-40
07/19/2025 00:10,SCH - HQ_IMPORT_EXPORT,325376,148,1310,-9999
07/19/2025 00:10,SCH - NE - NY,23318,-302.72,1400,-1600
07/19/2025 00:10,SCH - NPX_1385,325277,57,125,-125
07/19/2025 00:10,SCH - NPX_CSC,325154,330,330,-330
07/19/2025 00:10,SCH - OH - NY,23317,1400.11,2000,-1600
07/19/2025 00:10,SCH - PJ - NY,23316,443.65,2000,-1050
07/19/2025 00:10,SCH - PJM_HTP,325905,660,660,-660
07/19/2025 00:10,SCH - PJM_NEPTUNE,325305,660,660,-660
07/19/2025 00:10,SCH - PJM_VFT,325658,315,315,-315
07/19/2025 00:10,SPR/DUN-SOUTH,23320,2642.47,4600,-9999
07/19/2025 00:10,TOTAL EAST,23314,2961.66,7550,-9999
07/19/2025 00:10,UPNY CONED,23315,3743.74,6615,-9999
07/19/2025 00:10,WEST CENTRAL,23312,422.83,9999,-9999
07/19/2025 00:15,CENTRAL EAST - VC,23330,1712.39,3065,-9999
07/19/2025 00:15,DYSINGER EAST,23326,744.85,3200,-9999
07/19/2025 00:15,MOSES SOUTH,23319,253.22,3150,-1600
07/19/2025 00:15,SCH - HQ - NY,23324,148,1500,-980
07/19/2025 00:15,SCH - HQ_CEDARS,325274,0,270,-40
07/19/2025 00:15,SCH - HQ_IMPORT_EXPORT,325376,148,1310,-9999
07/19/2025 00:15,SCH - NE - NY,23318,-254.48,1400,-1600
07/19/2025 00:15,SCH - NPX_1385,325277,57,125,-125
07/19/2025 00:15,SCH - NPX_CSC,325154,330,330,-330
07/19/2025 00:15,SCH - OH - NY,23317,1400.06,2000,-1600
07/19/2025 00:15,SCH - PJ - NY,23316,349.03,2000,-1050
07/19/2025 00:15,SCH - PJM_HTP,325905,660,660,-660
07/19/2025 00:15,SCH - PJM_NEPTUNE,325305,660,660,-660
07/19/2025 00:15,SCH - PJM_VFT,325658,315,315,-315
07/19/2025 00:15,SPR/DUN-SOUTH,23320,2565.6,4600,-9999
07/19/2025 00:15,TOTAL EAST,23314,2786.81,7550,-9999
07/19/2025 00:15,UPNY CONED,23315,3587.53,6615,-9999
07/19/2025 00:15,WEST CENTRAL,23312,390.81,9999,-9999
07/19/2025 00:20,CENTRAL EAST - VC,23330,1687.66,3065,-9999
07/19/2025 00:20,DYSINGER EAST,23326,758.94,3200,-9999
07/19/2025 00:20,MOSES SOUTH,23319,207.01,3150,-1600
07/19/2025 00:20,SCH - HQ - NY,23324,148,1500,-980
07/19/2025 00:20,SCH - HQ_CEDARS,325274,0,270,-40
07/19/2025 00:20,SCH - HQ_IMPORT_EXPORT,325376,148,1310,-9999
07/19/2025 00:20,SCH - NE - NY,23318,-206.5,1400,-1600
07/19/2025 00:20,SCH - NPX_1385,325277,57,125,-125
07/19/2025 00:20,SCH - NPX_CSC,325154,330,330,-330
07/19/2025 00:20,SCH - OH - NY,23317,1399.98,2000,-1600
07/19/2025 00:20,SCH - PJ - NY,23316,249.12,2000,-1050
07/19/2025 00:20,SCH - PJM_HTP,325905,660,660,-660
07/19/2025 00:20,SCH - PJM_NEPTUNE,325305,660,660,-660
07/19/2025 00:20,SCH - PJM_VFT,325658,315,315,-315
07/19/2025 00:20,SPR/DUN-SOUTH,23320,2561.47,4600,-9999
07/19/2025 00:20,TOTAL EAST,23314,2663.62,7550,-9999
07/19/2025 00:20,UPNY CONED,23315,3556.78,6615,-9999
07/19/2025 00:20,WEST CENTRAL,23312,407.69,9999,-9999
07/19/2025 00:25,CENTRAL EAST - VC,23330,1689.45,3065,-9999
07/19/2025 00:25,DYSINGER EAST,23326,792.92,3200,-9999
07/19/2025 00:25,MOSES SOUTH,23319,201.43,3150,-1600
07/19/2025 00:25,SCH - HQ - NY,23324,148,1500,-980
07/19/2025 00:25,SCH - HQ_CEDARS,325274,0,270,-40
07/19/2025 00:25,SCH - HQ_IMPORT_EXPORT,325376,148,1310,-9999
07/19/2025 00:25,SCH - NE - NY,23318,-206.6,1400,-1600
07/19/2025 00:25,SCH - NPX_1385,325277,57,125,-125
07/19/2025 00:25,SCH - NPX_CSC,325154,330,330,-330
07/19/2025 00:25,SCH - OH - NY,23317,1399.95,2000,-1600
07/19/2025 00:25,SCH - PJ - NY,23316,249.18,2000,-1050
07/19/2025 00:25,SCH - PJM_HTP,325905,660,660,-660
07/19/2025 00:25,SCH - PJM_NEPTUNE,325305,660,660,-660
07/19/2025 00:25,SCH - PJM_VFT,325658,315,315,-315
07/19/2025 00:25,SPR/DUN-SOUTH,23320,2603,4600,-9999
07/19/2025 00:25,TOTAL EAST,23314,2691.26,7550,-9999
07/19/2025 00:25,UPNY CONED,23315,3572.29,6615,-9999
07/19/2025 00:25,WEST CENTRAL,23312,449.15,9999,-9999
07/19/2025 00:30,CENTRAL EAST - VC,23330,1744.36,3065,-9999
07/19/2025 00:30,DYSINGER EAST,23326,823.38,3200,-9999
07/19/2025 00:30,MOSES SOUTH,23319,221.24,3150,-1600
07/19/2025 00:30,SCH - HQ - NY,23324,148,1500,-980
07/19/2025 00:30,SCH - HQ_CEDARS,325274,0,270,-40
07/19/2025 00:30,SCH - HQ_IMPORT_EXPORT,325376,148,1310,-9999
07/19/2025 00:30,SCH - NE - NY,23318,-211.57,1400,-1600
07/19/2025 00:30,SCH - NPX_1385,325277,57,125,-125
07/19/2025 00:30,SCH - NPX_CSC,325154,330,330,-330
07/19/2025 00:30,SCH - OH - NY,23317,1398.26,2000,-1600
07/19/2025 00:30,SCH - PJ - NY,23316,253.96,2000,-1050
07/19/2025 00:30,SCH - PJM_HTP,325905,660,660,-660
07/19/2025 00:30,SCH - PJM_NEPTUNE,325305,660,660,-660
07/19/2025 00:30,SCH - PJM_VFT,325658,315,315,-315
07/19/2025 00:30,SPR/DUN-SOUTH,23320,2633.53,4600,-9999
07/19/2025 00:30,TOTAL EAST,23314,2687.62,7550,-9999
07/19/2025 00:30,UPNY CONED,23315,3572.66,6615,-9999
07/19/2025 00:30,WEST CENTRAL,23312,488.3,9999,-9999
07/19/2025 00:35,CENTRAL EAST - VC,23330,1743.85,3065,-9999
07/19/2025 00:35,DYSINGER EAST,23326,836.08,3200,-9999
07/19/2025 00:35,MOSES SOUTH,23319,225.86,3150,-1600
07/19/2025 00:35,SCH - HQ - NY,23324,148,1500,-980
07/19/2025 00:35,SCH - HQ_CEDARS,325274,0,270,-40
07/19/2025 00:35,SCH - HQ_IMPORT_EXPORT,325376,148,1310,-9999
07/19/2025 00:35,SCH - NE - NY,23318,-216.42,1400,-1600
07/19/2025 00:35,SCH - NPX_1385,325277,57,125,-125
07/19/2025 00:35,SCH - NPX_CSC,325154,330,330,-330
07/19/2025 00:35,SCH - OH - NY,23317,1400.16,2000,-1600
07/19/2025 00:35,SCH - PJ - NY,23316,250.41,2000,-1050
07/19/2025 00:35,SCH - PJM_HTP,325905,660,660,-660
07/19/2025 00:35,SCH - PJM_NEPTUNE,325305,660,660,-660
07/19/2025 00:35,SCH - PJM_VFT,325658,315,315,-315
07/19/2025 00:35,SPR/DUN-SOUTH,23320,2636.35,4600,-9999
07/19/2025 00:35,TOTAL EAST,23314,2707.32,7550,-9999
07/19/2025 00:35,UPNY CONED,23315,3548.98,6615,-9999
07/19/2025 00:35,WEST CENTRAL,23312,509.59,9999,-9999
07/19/2025 00:40,CENTRAL EAST - VC,23330,1818.53,3065,-9999
07/19/2025 00:40,DYSINGER EAST,23326,894.48,3200,-9999
07/19/2025 00:40,MOSES SOUTH,23319,254.94,3150,-1600
07/19/2025 00:40,SCH - HQ - NY,23324,148,1500,-980
07/19/2025 00:40,SCH - HQ_CEDARS,325274,0,270,-40
07/19/2025 00:40,SCH - HQ_IMPORT_EXPORT,325376,148,1310,-9999
07/19/2025 00:40,SCH - NE - NY,23318,-216.44,1400,-1600
07/19/2025 00:40,SCH - NPX_1385,325277,57,125,-125
07/19/2025 00:40,SCH - NPX_CSC,325154,330,330,-330
07/19/2025 00:40,SCH - OH - NY,23317,1399.96,2000,-1600
07/19/2025 00:40,SCH - PJ - NY,23316,250.2,2000,-1050
07/19/2025 00:40,SCH - PJM_HTP,325905,660,660,-660
07/19/2025 00:40,SCH - PJM_NEPTUNE,325305,660,660,-660
07/19/2025 00:40,SCH - PJM_VFT,325658,315,315,-315
07/19/2025 00:40,SPR/DUN-SOUTH,23320,2697.34,4600,-9999
07/19/2025 00:40,TOTAL EAST,23314,2694.09,7550,-9999
07/19/2025 00:40,UPNY CONED,23315,3593.8,6615,-9999
07/19/2025 00:40,WEST CENTRAL,23312,570.93,9999,-9999
07/19/2025 00:45,CENTRAL EAST - VC,23330,1833.57,3065,-9999
07/19/2025 00:45,DYSINGER EAST,23326,896.31,3200,-9999
07/19/2025 00:45,MOSES SOUTH,23319,249.85,3150,-1600
07/19/2025 00:45,SCH - HQ - NY,23324,148,1500,-980
07/19/2025 00:45,SCH - HQ_CEDARS,325274,0,270,-40
07/19/2025 00:45,SCH - HQ_IMPORT_EXPORT,325376,148,1310,-9999
07/19/2025 00:45,SCH - NE - NY,23318,-216.43,1400,-1600
07/19/2025 00:45,SCH - NPX_1385,325277,57,125,-125
07/19/2025 00:45,SCH - NPX_CSC,325154,330,330,-330
07/19/2025 00:45,SCH - OH - NY,23317,1403.99,2000,-1600
07/19/2025 00:45,SCH - PJ - NY,23316,246.2,2000,-1050
07/19/2025 00:45,SCH - PJM_HTP,325905,660,660,-660
07/19/2025 00:45,SCH - PJM_NEPTUNE,325305,660,660,-660
07/19/2025 00:45,SCH - PJM_VFT,325658,315,315,-315
07/19/2025 00:45,SPR/DUN-SOUTH,23320,2679.42,4600,-9999
07/19/2025 00:45,TOTAL EAST,23314,2720.83,7550,-9999
07/19/2025 00:45,UPNY CONED,23315,3583.14,6615,-9999
07/19/2025 00:45,WEST CENTRAL,23312,573.72,9999,-9999
07/19/2025 00:50,CENTRAL EAST - VC,23330,1837.49,3065,-9999
07/19/2025 00:50,DYSINGER EAST,23326,856.47,3200,-9999
07/19/2025 00:50,MOSES SOUTH,23319,262.19,3150,-1600
07/19/2025 00:50,SCH - HQ - NY,23324,148,1500,-980
07/19/2025 00:50,SCH - HQ_CEDARS,325274,0,270,-40
07/19/2025 00:50,SCH - HQ_IMPORT_EXPORT,325376,148,1310,-9999
07/19/2025 00:50,SCH - NE - NY,23318,-216.66,1400,-1600
07/19/2025 00:50,SCH - NPX_1385,325277,57,125,-125
07/19/2025 00:50,SCH - NPX_CSC,325154,330,330,-330
07/19/2025 00:50,SCH - OH - NY,23317,1399.95,2000,-1600
07/19/2025 00:50,SCH - PJ - NY,23316,250.48,2000,-1050
07/19/2025 00:50,SCH - PJM_HTP,325905,660,660,-660
07/19/2025 00:50,SCH - PJM_NEPTUNE,325305,660,660,-660
07/19/2025 00:50,SCH - PJM_VFT,325658,315,315,-315
07/19/2025 00:50,SPR/DUN-SOUTH,23320,2645.24,4600,-9999
07/19/2025 00:50,TOTAL EAST,23314,2718.13,7550,-9999
07/19/2025 00:50,UPNY CONED,23315,3577.94,6615,-9999
07/19/2025 00:50,WEST CENTRAL,23312,539.53,9999,-9999
07/19/2025 00:55,CENTRAL EAST - VC,23330,1922.32,3065,-9999
07/19/2025 00:55,DYSINGER EAST,23326,726.6,3200,-9999
07/19/2025 00:55,MOSES SOUTH,23319,437.95,3150,-1600
07/19/2025 00:55,SCH - HQ - NY,23324,148,1500,-980
07/19/2025 00:55,SCH - HQ_CEDARS,325274,0,270,-40
07/19/2025 00:55,SCH - HQ_IMPORT_EXPORT,325376,148,1310,-9999
07/19/2025 00:55,SCH - NE - NY,23318,-216.6,1400,-1600
07/19/2025 00:55,SCH - NPX_1385,325277,57,125,-125
07/19/2025 00:55,SCH - NPX_CSC,325154,330,330,-330
07/19/2025 00:55,SCH - OH - NY,23317,1401.99,2000,-1600
07/19/2025 00:55,SCH - PJ - NY,23316,250.35,2000,-1050
07/19/2025 00:55,SCH - PJM_HTP,325905,660,660,-660
07/19/2025 00:55,SCH - PJM_NEPTUNE,325305,660,660,-660
07/19/2025 00:55,SCH - PJM_VFT,325658,315,315,-315
07/19/2025 00:55,SPR/DUN-SOUTH,23320,2629.08,4600,-9999
07/19/2025 00:55,TOTAL EAST,23314,2751.53,7550,-9999
07/19/2025 00:55,UPNY CONED,23315,3617.49,6615,-9999
07/19/2025 00:55,WEST CENTRAL,23312,414.58,9999,-9999
07/19/2025 01:00,CENTRAL EAST - VC,23330,1970.71,3065,-9999
07/19/2025 01:00,DYSINGER EAST,23326,801.2,3200,-9999
07/19/2025 01:00,MOSES SOUTH,23319,502.93,3150,-1600
07/19/2025 01:00,SCH - HQ - NY,23324,198,1500,-980
07/19/2025 01:00,SCH - HQ_CEDARS,325274,0,270,-40
07/19/2025 01:00,SCH - HQ_IMPORT_EXPORT,325376,198,1310,-9999
07/19/2025 01:00,SCH - NE - NY,23318,-361.72,1400,-1600
07/19/2025 01:00,SCH - NPX_1385,325277,27,125,-125
07/19/2025 01:00,SCH - NPX_CSC,325154,330,330,-330
07/19/2025 01:00,SCH - OH - NY,23317,1382.83,2000,-1600
07/19/2025 01:00,SCH - PJ - NY,23316,277.27,2000,-1050
07/19/2025 01:00,SCH - PJM_HTP,325905,660,660,-660
07/19/2025 01:00,SCH - PJM_NEPTUNE,325305,660,660,-660
07/19/2025 01:00,SCH - PJM_VFT,325658,315,315,-315
07/19/2025 01:00,SPR/DUN-SOUTH,23320,2595.45,4600,-9999
07/19/2025 01:00,TOTAL EAST,23314,2863.89,7550,-9999
07/19/2025 01:00,UPNY CONED,23315,3660.39,6615,-9999
07/19/2025 01:00,WEST CENTRAL,23312,492.87,9999,-9999
07/19/2025 01:05,CENTRAL EAST - VC,23330,2030.5,3065,-9999
07/19/2025 01:05,DYSINGER EAST,23326,775.06,3200,-9999
07/19/2025 01:05,MOSES SOUTH,23319,564.23,3150,-1600
07/19/2025 01:05,SCH - HQ - NY,23324,248,1500,-980
07/19/2025 01:05,SCH - HQ_CEDARS,325274,0,270,-40
07/19/2025 01:05,SCH - HQ_IMPORT_EXPORT,325376,248,1310,-9999
07/19/2025 01:05,SCH - NE - NY,23318,-512.1,1400,-1600
07/19/2025 01:05,SCH - NPX_1385,325277,-3,125,-125
07/19/2025 01:05,SCH - NPX_CSC,325154,330,330,-330
07/19/2025 01:05,SCH - OH - NY,23317,1360.95,2000,-1600
07/19/2025 01:05,SCH - PJ - NY,23316,310.56,2000,-1050
07/19/2025 01:05,SCH - PJM_HTP,325905,660,660,-660
07/19/2025 01:05,SCH - PJM_NEPTUNE,325305,660,660,-660
07/19/2025 01:05,SCH - PJM_VFT,325658,315,315,-315
07/19/2025 01:05,SPR/DUN-SOUTH,23320,2563.11,4600,-9999
07/19/2025 01:05,TOTAL EAST,23314,2974.56,7550,-9999
07/19/2025 01:05,UPNY CONED,23315,3632.43,6615,-9999
07/19/2025 01:05,WEST CENTRAL,23312,469.26,9999,-9999
07/19/2025 01:10,CENTRAL EAST - VC,23330,2071.94,3065,-9999
07/19/2025 01:10,DYSINGER EAST,23326,671.8,3200,-9999
07/19/2025 01:10,MOSES SOUTH,23319,582.31,3150,-1600
07/19/2025 01:10,SCH - HQ - NY,23324,248,1500,-980
07/19/2025 01:10,SCH - HQ_CEDARS,325274,0,270,-40
07/19/2025 01:10,SCH - HQ_IMPORT_EXPORT,325376,248,1310,-9999
07/19/2025 01:10,SCH - NE - NY,23318,-511.19,1400,-1600
07/19/2025 01:10,SCH - NPX_1385,325277,-3,125,-125
07/19/2025 01:10,SCH - NPX_CSC,325154,330,330,-330
07/19/2025 01:10,SCH - OH - NY,23317,1355.74,2000,-1600
07/19/2025 01:10,SCH - PJ - NY,23316,315.84,2000,-1050
07/19/2025 01:10,SCH - PJM_HTP,325905,660,660,-660
07/19/2025 01:10,SCH - PJM_NEPTUNE,325305,660,660,-660
07/19/2025 01:10,SCH - PJM_VFT,325658,315,315,-315
07/19/2025 01:10,SPR/DUN-SOUTH,23320,2574.15,4600,-9999
07/19/2025 01:10,TOTAL EAST,23314,2996.32,7550,-9999
07/19/2025 01:10,UPNY CONED,23315,3668.25,6615,-9999
07/19/2025 01:10,WEST CENTRAL,23312,371.74,9999,-9999
07/19/2025 01:15,CENTRAL EAST - VC,23330,2020.39,3065,-9999
07/19/2025 01:15,DYSINGER EAST,23326,663.45,3200,-9999
07/19/2025 01:15,MOSES SOUTH,23319,558.81,3150,-1600
07/19/2025 01:15,SCH - HQ - NY,23324,248,1500,-980
07/19/2025 01:15,SCH - HQ_CEDARS,325274,0,270,-40
07/19/2025 01:15,SCH - HQ_IMPORT_EXPORT,325376,248,1310,-9999
07/19/2025 01:15,SCH - NE - NY,23318,-585.99,1400,-1600
07/19/2025 01:15,SCH - NPX_1385,325277,-3,125,-125
07/19/2025 01:15,SCH - NPX_CSC,325154,330,330,-330
07/19/2025 01:15,SCH - OH - NY,23317,1353.67,2000,-1600
07/19/2025 01:15,SCH - PJ - NY,23316,318.06,2000,-1050
07/19/2025 01:15,SCH - PJM_HTP,325905,660,660,-660
07/19/2025 01:15,SCH - PJM_NEPTUNE,325305,660,660,-660
07/19/2025 01:15,SCH - PJM_VFT,325658,315,315,-315
07/19/2025 01:15,SPR/DUN-SOUTH,23320,2519.36,4600,-9999
07/19/2025 01:15,TOTAL EAST,23314,3069.06,7550,-9999
07/19/2025 01:15,UPNY CONED,23315,3613.06,6615,-9999
07/19/2025 01:15,WEST CENTRAL,23312,365.24,9999,-9999
07/19/2025 01:20,CENTRAL EAST - VC,23330,1986.2,3065,-9999
07/19/2025 01:20,DYSINGER EAST,23326,675.1,3200,-9999
07/19/2025 01:20,MOSES SOUTH,23319,565.55,3150,-1600
07/19/2025 01:20,SCH - HQ - NY,23324,248,1500,-980
07/19/2025 01:20,SCH - HQ_CEDARS,325274,0,270,-40
07/19/2025 01:20,SCH - HQ_IMPORT_EXPORT,325376,248,1310,-9999
07/19/2025 01:20,SCH - NE - NY,23318,-659.99,1400,-1600
07/19/2025 01:20,SCH - NPX_1385,325277,-3,125,-125
07/19/2025 01:20,SCH - NPX_CSC,325154,330,330,-330
07/19/2025 01:20,SCH - OH - NY,23317,1353.82,2000,-1600
07/19/2025 01:20,SCH - PJ - NY,23316,313.76,2000,-1050
07/19/2025 01:20,SCH - PJM_HTP,325905,660,660,-660
07/19/2025 01:20,SCH - PJM_NEPTUNE,325305,660,660,-660
07/19/2025 01:20,SCH - PJM_VFT,325658,315,315,-315
07/19/2025 01:20,SPR/DUN-SOUTH,23320,2458.59,4600,-9999
07/19/2025 01:20,TOTAL EAST,23314,3067.16,7550,-9999
07/19/2025 01:20,UPNY CONED,23315,3566.38,6615,-9999
07/19/2025 01:20,WEST CENTRAL,23312,377.71,9999,-9999
07/19/2025 01:25,CENTRAL EAST - VC,23330,1959.92,3065,-9999
07/19/2025 01:25,DYSINGER EAST,23326,662.94,3200,-9999
07/19/2025 01:25,MOSES SOUTH,23319,554.38,3150,-1600
07/19/2025 01:25,SCH - HQ - NY,23324,248,1500,-980
07/19/2025 01:25,SCH - HQ_CEDARS,325274,0,270,-40
07/19/2025 01:25,SCH - HQ_IMPORT_EXPORT,325376,248,1310,-9999
07/19/2025 01:25,SCH - NE - NY,23318,-660,1400,-1600
07/19/2025 01:25,SCH - NPX_1385,325277,-3,125,-125
07/19/2025 01:25,SCH - NPX_CSC,325154,330,330,-330
07/19/2025 01:25,SCH - OH - NY,23317,1353.31,2000,-1600
07/19/2025 01:25,SCH - PJ - NY,23316,319.21,2000,-1050
07/19/2025 01:25,SCH - PJM_HTP,325905,660,660,-660
07/19/2025 01:25,SCH - PJM_NEPTUNE,325305,660,660,-660
07/19/2025 01:25,SCH - PJM_VFT,325658,315,315,-315
07/19/2025 01:25,SPR/DUN-SOUTH,23320,2452.2,4600,-9999
07/19/2025 01:25,TOTAL EAST,23314,3082.43,7550,-9999
07/19/2025 01:25,UPNY CONED,23315,3556.4,6615,-9999
07/19/2025 01:25,WEST CENTRAL,23312,368.52,9999,-9999
07/19/2025 01:30,CENTRAL EAST - VC,23330,2005.92,3065,-9999
07/19/2025 01:30,DYSINGER EAST,23326,655.83,3200,-9999
07/19/2025 01:30,MOSES SOUTH,23319,529.25,3150,-1600
07/19/2025 01:30,SCH - HQ - NY,23324,248,1500,-980
07/19/2025 01:30,SCH - HQ_CEDARS,325274,0,270,-40
07/19/2025 01:30,SCH - HQ_IMPORT_EXPORT,325376,248,1310,-9999
07/19/2025 01:30,SCH - NE - NY,23318,-659.99,1400,-1600
07/19/2025 01:30,SCH - NPX_1385,325277,-3,125,-125
07/19/2025 01:30,SCH - NPX_CSC,325154,330,330,-330
07/19/2025 01:30,SCH - OH - NY,23317,1354.52,2000,-1600
07/19/2025 01:30,SCH - PJ - NY,23316,317.27,2000,-1050
07/19/2025 01:30,SCH - PJM_HTP,325905,660,660,-660
07/19/2025 01:30,SCH - PJM_NEPTUNE,325305,660,660,-660
07/19/2025 01:30,SCH - PJM_VFT,325658,315,315,-315
07/19/2025 01:30,SPR/DUN-SOUTH,23320,2397.6,4600,-9999
07/19/2025 01:30,TOTAL EAST,23314,3086,7550,-9999
07/19/2025 01:30,UPNY CONED,23315,3539.1,6615,-9999
07/19/2025 01:30,WEST CENTRAL,23312,364.57,9999,-9999
07/19/2025 01:35,CENTRAL EAST - VC,23330,2042.84,3065,-9999
07/19/2025 01:35,DYSINGER EAST,23326,679.03,3200,-9999
07/19/2025 01:35,MOSES SOUTH,23319,540.6,3150,-1600
07/19/2025 01:35,SCH - HQ - NY,23324,248,1500,-980
07/19/2025 01:35,SCH - HQ_CEDARS,325274,0,270,-40
07/19/2025 01:35,SCH - HQ_IMPORT_EXPORT,325376,248,1310,-9999
07/19/2025 01:35,SCH - NE - NY,23318,-659.99,1400,-1600
07/19/2025 01:35,SCH - NPX_1385,325277,-3,125,-125
07/19/2025 01:35,SCH - NPX_CSC,325154,330,330,-330
07/19/2025 01:35,SCH - OH - NY,23317,1355.82,2000,-1600
07/19/2025 01:35,SCH - PJ - NY,23316,317.03,2000,-1050
07/19/2025 01:35,SCH - PJM_HTP,325905,660,660,-660
07/19/2025 01:35,SCH - PJM_NEPTUNE,325305,660,660,-660
07/19/2025 01:35,SCH - PJM_VFT,325658,315,315,-315
07/19/2025 01:35,SPR/DUN-SOUTH,23320,2426.87,4600,-9999
07/19/2025 01:35,TOTAL EAST,23314,3116.69,7550,-9999
07/19/2025 01:35,UPNY CONED,23315,3540.29,6615,-9999
07/19/2025 01:35,WEST CENTRAL,23312,389.51,9999,-9999
07/19/2025 01:40,CENTRAL EAST - VC,23330,2059.6,3065,-9999
07/19/2025 01:40,DYSINGER EAST,23326,687.14,3200,-9999
07/19/2025 01:40,MOSES SOUTH,23319,555.98,3150,-1600
07/19/2025 01:40,SCH - HQ - NY,23324,248,1500,-980
07/19/2025 01:40,SCH - HQ_CEDARS,325274,0,270,-40
07/19/2025 01:40,SCH - HQ_IMPORT_EXPORT,325376,248,1310,-9999
07/19/2025 01:40,SCH - NE - NY,23318,-660,1400,-1600
07/19/2025 01:40,SCH - NPX_1385,325277,-3,125,-125
07/19/2025 01:40,SCH - NPX_CSC,325154,330,330,-330
07/19/2025 01:40,SCH - OH - NY,23317,1356.54,2000,-1600
07/19/2025 01:40,SCH - PJ - NY,23316,315.32,2000,-1050
07/19/2025 01:40,SCH - PJM_HTP,325905,660,660,-660
07/19/2025 01:40,SCH - PJM_NEPTUNE,325305,660,660,-660
07/19/2025 01:40,SCH - PJM_VFT,325658,315,315,-315
07/19/2025 01:40,SPR/DUN-SOUTH,23320,2424.81,4600,-9999
07/19/2025 01:40,TOTAL EAST,23314,3135.23,7550,-9999
07/19/2025 01:40,UPNY CONED,23315,3521.27,6615,-9999
07/19/2025 01:40,WEST CENTRAL,23312,400.45,9999,-9999
07/19/2025 01:45,CENTRAL EAST - VC,23330,2050.37,3065,-9999
07/19/2025 01:45,DYSINGER EAST,23326,716.75,3200,-9999
07/19/2025 01:45,MOSES SOUTH,23319,568.21,3150,-1600
07/19/2025 01:45,SCH - HQ - NY,23324,248,1500,-980
07/19/2025 01:45,SCH - HQ_CEDARS,325274,0,270,-40
07/19/2025 01:45,SCH - HQ_IMPORT_EXPORT,325376,248,1310,-9999
07/19/2025 01:45,SCH - NE - NY,23318,-660,1400,-1600
07/19/2025 01:45,SCH - NPX_1385,325277,-3,125,-125
07/19/2025 01:45,SCH - NPX_CSC,325154,330,330,-330
07/19/2025 01:45,SCH - OH - NY,23317,1359.35,2000,-1600
07/19/2025 01:45,SCH - PJ - NY,23316,311.34,2000,-1050
07/19/2025 01:45,SCH - PJM_HTP,325905,660,660,-660
07/19/2025 01:45,SCH - PJM_NEPTUNE,325305,660,660,-660
07/19/2025 01:45,SCH - PJM_VFT,325658,315,315,-315
07/19/2025 01:45,SPR/DUN-SOUTH,23320,2395.09,4600,-9999
07/19/2025 01:45,TOTAL EAST,23314,3149.77,7550,-9999
07/19/2025 01:45,UPNY CONED,23315,3487.64,6615,-9999
07/19/2025 01:45,WEST CENTRAL,23312,432.52,9999,-9999
07/19/2025 01:50,CENTRAL EAST - VC,23330,2075.62,3065,-9999
07/19/2025 01:50,DYSINGER EAST,23326,677.15,3200,-9999
07/19/2025 01:50,MOSES SOUTH,23319,551.69,3150,-1600
07/19/2025 01:50,SCH - HQ - NY,23324,248,1500,-980
07/19/2025 01:50,SCH - HQ_CEDARS,325274,0,270,-40
07/19/2025 01:50,SCH - HQ_IMPORT_EXPORT,325376,248,1310,-9999
07/19/2025 01:50,SCH - NE - NY,23318,-660,1400,-1600
07/19/2025 01:50,SCH - NPX_1385,325277,-3,125,-125
07/19/2025 01:50,SCH - NPX_CSC,325154,330,330,-330
07/19/2025 01:50,SCH - OH - NY,23317,1355.68,2000,-1600
07/19/2025 01:50,SCH - PJ - NY,23316,316.21,2000,-1050
07/19/2025 01:50,SCH - PJM_HTP,325905,660,660,-660
07/19/2025 01:50,SCH - PJM_NEPTUNE,325305,660,660,-660
07/19/2025 01:50,SCH - PJM_VFT,325658,315,315,-315
07/19/2025 01:50,SPR/DUN-SOUTH,23320,2435.81,4600,-9999
07/19/2025 01:50,TOTAL EAST,23314,3158.11,7550,-9999
07/19/2025 01:50,UPNY CONED,23315,3522.23,6615,-9999
07/19/2025 01:50,WEST CENTRAL,23312,395.52,9999,-9999
07/19/2025 01:55,CENTRAL EAST - VC,23330,2055.07,3065,-9999
07/19/2025 01:55,DYSINGER EAST,23326,641.42,3200,-9999
07/19/2025 01:55,MOSES SOUTH,23319,550.34,3150,-1600
07/19/2025 01:55,SCH - HQ - NY,23324,248,1500,-980
07/19/2025 01:55,SCH - HQ_CEDARS,325274,0,270,-40
07/19/2025 01:55,SCH - HQ_IMPORT_EXPORT,325376,248,1310,-9999
07/19/2025 01:55,SCH - NE - NY,23318,-659.99,1400,-1600
07/19/2025 01:55,SCH - NPX_1385,325277,-3,125,-125
07/19/2025 01:55,SCH - NPX_CSC,325154,330,330,-330
07/19/2025 01:55,SCH - OH - NY,23317,1355.61,2000,-1600
07/19/2025 01:55,SCH - PJ - NY,23316,318.19,2000,-1050
07/19/2025 01:55,SCH - PJM_HTP,325905,660,660,-660
07/19/2025 01:55,SCH - PJM_NEPTUNE,325305,660,660,-660
07/19/2025 01:55,SCH - PJM_VFT,325658,315,315,-315
07/19/2025 01:55,SPR/DUN-SOUTH,23320,2428.47,4600,-9999
07/19/2025 01:55,TOTAL EAST,23314,3149.53,7550,-9999
07/19/2025 01:55,UPNY CONED,23315,3501.47,6615,-9999
07/19/2025 01:55,WEST CENTRAL,23312,363.15,9999,-9999
07/19/2025 02:00,CENTRAL EAST - VC,23330,2116.66,3065,-9999
07/19/2025 02:00,DYSINGER EAST,23326,690.64,3200,-9999
07/19/2025 02:00,MOSES SOUTH,23319,544.46,3150,-1600
07/19/2025 02:00,SCH - HQ - NY,23324,248,1500,-980
07/19/2025 02:00,SCH - HQ_CEDARS,325274,0,270,-40
07/19/2025 02:00,SCH - HQ_IMPORT_EXPORT,325376,248,1310,-9999
07/19/2025 02:00,SCH - NE - NY,23318,-675.99,1400,-1600
07/19/2025 02:00,SCH - NPX_1385,325277,5,125,-125
07/19/2025 02:00,SCH - NPX_CSC,325154,330,330,-330
07/19/2025 02:00,SCH - OH - NY,23317,1374.66,2000,-1600
07/19/2025 02:00,SCH - PJ - NY,23316,338.32,2000,-1050
07/19/2025 02:00,SCH - PJM_HTP,325905,660,660,-660
07/19/2025 02:00,SCH - PJM_NEPTUNE,325305,660,660,-660
07/19/2025 02:00,SCH - PJM_VFT,325658,315,315,-315
07/19/2025 02:00,SPR/DUN-SOUTH,23320,2472.53,4600,-9999
07/19/2025 02:00,TOTAL EAST,23314,3274.95,7550,-9999
07/19/2025 02:00,UPNY CONED,23315,3548.43,6615,-9999
07/19/2025 02:00,WEST CENTRAL,23312,415.72,9999,-9999
07/19/2025 02:05,CENTRAL EAST - VC,23330,2128.04,3065,-9999
07/19/2025 02:05,DYSINGER EAST,23326,719.01,3200,-9999
07/19/2025 02:05,MOSES SOUTH,23319,551.79,3150,-1600
07/19/2025 02:05,SCH - HQ - NY,23324,248,1500,-980
07/19/2025 02:05,SCH - HQ_CEDARS,325274,0,270,-40
07/19/2025 02:05,SCH - HQ_IMPORT_EXPORT,325376,248,1310,-9999
07/19/2025 02:05,SCH - NE - NY,23318,-692.99,1400,-1600
07/19/2025 02:05,SCH - NPX_1385,325277,12,125,-125
07/19/2025 02:05,SCH - NPX_CSC,325154,330,330,-330
07/19/2025 02:05,SCH - OH - NY,23317,1397.5,2000,-1600
07/19/2025 02:05,SCH - PJ - NY,23316,355.46,2000,-1050
07/19/2025 02:05,SCH - PJM_HTP,325905,660,660,-660
07/19/2025 02:05,SCH - PJM_NEPTUNE,325305,660,660,-660
07/19/2025 02:05,SCH - PJM_VFT,325658,315,315,-315
07/19/2025 02:05,SPR/DUN-SOUTH,23320,2461.21,4600,-9999
07/19/2025 02:05,TOTAL EAST,23314,3310.2,7550,-9999
07/19/2025 02:05,UPNY CONED,23315,3541.8,6615,-9999
07/19/2025 02:05,WEST CENTRAL,23312,445.69,9999,-9999
07/19/2025 02:10,CENTRAL EAST - VC,23330,2121.98,3065,-9999
07/19/2025 02:10,DYSINGER EAST,23326,677.08,3200,-9999
07/19/2025 02:10,MOSES SOUTH,23319,620.2,3150,-1600
07/19/2025 02:10,SCH - HQ - NY,23324,248,1500,-980
07/19/2025 02:10,SCH - HQ_CEDARS,325274,0,270,-40
07/19/2025 02:10,SCH - HQ_IMPORT_EXPORT,325376,248,1310,-9999
07/19/2025 02:10,SCH - NE - NY,23318,-692.9,1400,-1600
07/19/2025 02:10,SCH - NPX_1385,325277,12,125,-125
07/19/2025 02:10,SCH - NPX_CSC,325154,330,330,-330
07/19/2025 02:10,SCH - OH - NY,23317,1400.77,2000,-1600
07/19/2025 02:10,SCH - PJ - NY,23316,354.18,2000,-1050
07/19/2025 02:10,SCH - PJM_HTP,325905,660,660,-660
07/19/2025 02:10,SCH - PJM_NEPTUNE,325305,660,660,-660
07/19/2025 02:10,SCH - PJM_VFT,325658,315,315,-315
07/19/2025 02:10,SPR/DUN-SOUTH,23320,2444.01,4600,-9999
07/19/2025 02:10,TOTAL EAST,23314,3286.04,7550,-9999
07/19/2025 02:10,UPNY CONED,23315,3517.97,6615,-9999
07/19/2025 02:10,WEST CENTRAL,23312,406.94,9999,-9999
07/19/2025 02:15,CENTRAL EAST - VC,23330,2132.27,3065,-9999
07/19/2025 02:15,DYSINGER EAST,23326,658.23,3200,-9999
07/19/2025 02:15,MOSES SOUTH,23319,657.5,3150,-1600
07/19/2025 02:15,SCH - HQ - NY,23324,248,1500,-980
07/19/2025 02:15,SCH - HQ_CEDARS,325274,0,270,-40
07/19/2025 02:15,SCH - HQ_IMPORT_EXPORT,325376,248,1310,-9999
07/19/2025 02:15,SCH - NE - NY,23318,-689.9,1400,-1600
07/19/2025 02:15,SCH - NPX_1385,325277,12,125,-125
07/19/2025 02:15,SCH - NPX_CSC,325154,330,330,-330
07/19/2025 02:15,SCH - OH - NY,23317,1403.14,2000,-1600
07/19/2025 02:15,SCH - PJ - NY,23316,353.67,2000,-1050
07/19/2025 02:15,SCH - PJM_HTP,325905,660,660,-660
07/19/2025 02:15,SCH - PJM_NEPTUNE,325305,660,660,-660
07/19/2025 02:15,SCH - PJM_VFT,325658,315,315,-315
07/19/2025 02:15,SPR/DUN-SOUTH,23320,2395.03,4600,-9999
07/19/2025 02:15,TOTAL EAST,23314,3256.51,7550,-9999
07/19/2025 02:15,UPNY CONED,23315,3451.07,6615,-9999
07/19/2025 02:15,WEST CENTRAL,23312,389.29,9999,-9999
07/19/2025 02:20,CENTRAL EAST - VC,23330,2080.6,3065,-9999
07/19/2025 02:20,DYSINGER EAST,23326,630.53,3200,-9999
07/19/2025 02:20,MOSES SOUTH,23319,565.32,3150,-1600
07/19/2025 02:20,SCH - HQ - NY,23324,248,1500,-980
07/19/2025 02:20,SCH - HQ_CEDARS,325274,0,270,-40
07/19/2025 02:20,SCH - HQ_IMPORT_EXPORT,325376,248,1310,-9999
07/19/2025 02:20,SCH - NE - NY,23318,-687.89,1400,-1600
07/19/2025 02:20,SCH - NPX_1385,325277,12,125,-125
07/19/2025 02:20,SCH - NPX_CSC,325154,330,330,-330
07/19/2025 02:20,SCH - OH - NY,23317,1396.23,2000,-1600
07/19/2025 02:20,SCH - PJ - NY,23316,369.75,2000,-1050
07/19/2025 02:20,SCH - PJM_HTP,325905,660,660,-660
07/19/2025 02:20,SCH - PJM_NEPTUNE,325305,660,660,-660
07/19/2025 02:20,SCH - PJM_VFT,325658,315,315,-315
07/19/2025 02:20,SPR/DUN-SOUTH,23320,2406.04,4600,-9999
07/19/2025 02:20,TOTAL EAST,23314,3285.94,7550,-9999
07/19/2025 02:20,UPNY CONED,23315,3452.85,6615,-9999
07/19/2025 02:20,WEST CENTRAL,23312,364.08,9999,-9999
07/19/2025 02:25,CENTRAL EAST - VC,23330,2090.33,3065,-9999
07/19/2025 02:25,DYSINGER EAST,23326,575.81,3200,-9999
07/19/2025 02:25,MOSES SOUTH,23319,622.23,3150,-1600
07/19/2025 02:25,SCH - HQ - NY,23324,248,1500,-980
07/19/2025 02:25,SCH - HQ_CEDARS,325274,0,270,-40
07/19/2025 02:25,SCH - HQ_IMPORT_EXPORT,325376,248,1310,-9999
07/19/2025 02:25,SCH - NE - NY,23318,-570.91,1400,-1600
07/19/2025 02:25,SCH - NPX_1385,325277,12,125,-125
07/19/2025 02:25,SCH - NPX_CSC,325154,330,330,-330
07/19/2025 02:25,SCH - OH - NY,23317,1216.79,2000,-1600
07/19/2025 02:25,SCH - PJ - NY,23316,356.16,2000,-1050
07/19/2025 02:25,SCH - PJM_HTP,325905,660,660,-660
07/19/2025 02:25,SCH - PJM_NEPTUNE,325305,660,660,-660
07/19/2025 02:25,SCH - PJM_VFT,325658,315,315,-315
07/19/2025 02:25,SPR/DUN-SOUTH,23320,2419.14,4600,-9999
07/19/2025 02:25,TOTAL EAST,23314,3183.25,7550,-9999
07/19/2025 02:25,UPNY CONED,23315,3446.15,6615,-9999
07/19/2025 02:25,WEST CENTRAL,23312,312,9999,-9999
07/19/2025 02:30,CENTRAL EAST - VC,23330,2142.41,3065,-9999
07/19/2025 02:30,DYSINGER EAST,23326,613.58,3200,-9999
07/19/2025 02:30,MOSES SOUTH,23319,637.43,3150,-1600
07/19/2025 02:30,SCH - HQ - NY,23324,248,1500,-980
07/19/2025 02:30,SCH - HQ_CEDARS,325274,0,270,-40
07/19/2025 02:30,SCH - HQ_IMPORT_EXPORT,325376,248,1310,-9999
07/19/2025 02:30,SCH - NE - NY,23318,-570.91,1400,-1600
07/19/2025 02:30,SCH - NPX_1385,325277,12,125,-125
07/19/2025 02:30,SCH - NPX_CSC,325154,330,330,-330
07/19/2025 02:30,SCH - OH - NY,23317,1219.63,2000,-1600
07/19/2025 02:30,SCH - PJ - NY,23316,352.44,2000,-1050
07/19/2025 02:30,SCH - PJM_HTP,325905,660,660,-660
07/19/2025 02:30,SCH - PJM_NEPTUNE,325305,660,660,-660
07/19/2025 02:30,SCH - PJM_VFT,325658,315,315,-315
07/19/2025 02:30,SPR/DUN-SOUTH,23320,2432.73,4600,-9999
07/19/2025 02:30,TOTAL EAST,23314,3178.74,7550,-9999
07/19/2025 02:30,UPNY CONED,23315,3449.08,6615,-9999
07/19/2025 02:30,WEST CENTRAL,23312,351.39,9999,-9999
07/19/2025 02:35,CENTRAL EAST - VC,23330,2118.74,3065,-9999
07/19/2025 02:35,DYSINGER EAST,23326,510.39,3200,-9999
07/19/2025 02:35,MOSES SOUTH,23319,615.29,3150,-1600
07/19/2025 02:35,SCH - HQ - NY,23324,248,1500,-980
07/19/2025 02:35,SCH - HQ_CEDARS,325274,0,270,-40
07/19/2025 02:35,SCH - HQ_IMPORT_EXPORT,325376,248,1310,-9999
07/19/2025 02:35,SCH - NE - NY,23318,-570.09,1400,-1600
07/19/2025 02:35,SCH - NPX_1385,325277,12,125,-125
07/19/2025 02:35,SCH - NPX_CSC,325154,330,330,-330
07/19/2025 02:35,SCH - OH - NY,23317,1213.21,2000,-1600
07/19/2025 02:35,SCH - PJ - NY,23316,355.08,2000,-1050
07/19/2025 02:35,SCH - PJM_HTP,325905,660,660,-660
07/19/2025 02:35,SCH - PJM_NEPTUNE,325305,660,660,-660
07/19/2025 02:35,SCH - PJM_VFT,325658,315,315,-315
07/19/2025 02:35,SPR/DUN-SOUTH,23320,2410.68,4600,-9999
07/19/2025 02:35,TOTAL EAST,23314,3181.49,7550,-9999
07/19/2025 02:35,UPNY CONED,23315,3409.91,6615,-9999
07/19/2025 02:35,WEST CENTRAL,23312,251.2,9999,-9999
07/19/2025 02:40,CENTRAL EAST - VC,23330,2127.7,3065,-9999
07/19/2025 02:40,DYSINGER EAST,23326,497.97,3200,-9999
07/19/2025 02:40,MOSES SOUTH,23319,637.63,3150,-1600
07/19/2025 02:40,SCH - HQ - NY,23324,248,1500,-980
07/19/2025 02:40,SCH - HQ_CEDARS,325274,0,270,-40
07/19/2025 02:40,SCH - HQ_IMPORT_EXPORT,325376,248,1310,-9999
07/19/2025 02:40,SCH - NE - NY,23318,-570.06,1400,-1600
07/19/2025 02:40,SCH - NPX_1385,325277,12,125,-125
07/19/2025 02:40,SCH - NPX_CSC,325154,330,330,-330
07/19/2025 02:40,SCH - OH - NY,23317,1215.67,2000,-1600
07/19/2025 02:40,SCH - PJ - NY,23316,355.54,2000,-1050
07/19/2025 02:40,SCH - PJM_HTP,325905,660,660,-660
07/19/2025 02:40,SCH - PJM_NEPTUNE,325305,660,660,-660
07/19/2025 02:40,SCH - PJM_VFT,325658,315,315,-315
07/19/2025 02:40,SPR/DUN-SOUTH,23320,2409.87,4600,-9999
07/19/2025 02:40,TOTAL EAST,23314,3159.38,7550,-9999
07/19/2025 02:40,UPNY CONED,23315,3389.62,6615,-9999
07/19/2025 02:40,WEST CENTRAL,23312,240.83,9999,-9999
07/19/2025 02:45,CENTRAL EAST - VC,23330,2141.78,3065,-9999
07/19/2025 02:45,DYSINGER EAST,23326,518.82,3200,-9999
07/19/2025 02:45,MOSES SOUTH,23319,663.23,3150,-1600
07/19/2025 02:45,SCH - HQ - NY,23324,248,1500,-980
07/19/2025 02:45,SCH - HQ_CEDARS,325274,0,270,-40
07/19/2025 02:45,SCH - HQ_IMPORT_EXPORT,325376,248,1310,-9999
07/19/2025 02:45,SCH - NE - NY,23318,-610.02,1400,-1600
07/19/2025 02:45,SCH - NPX_1385,325277,12,125,-125
07/19/2025 02:45,SCH - NPX_CSC,325154,330,330,-330
07/19/2025 02:45,SCH - OH - NY,23317,1272.87,2000,-1600
07/19/2025 02:45,SCH - PJ - NY,23316,353.34,2000,-1050
07/19/2025 02:45,SCH - PJM_HTP,325905,660,660,-660
07/19/2025 02:45,SCH - PJM_NEPTUNE,325305,660,660,-660
07/19/2025 02:45,SCH - PJM_VFT,325658,315,315,-315
07/19/2025 02:45,SPR/DUN-SOUTH,23320,2387.7,4600,-9999
07/19/2025 02:45,TOTAL EAST,23314,3185.94,7550,-9999
07/19/2025 02:45,UPNY CONED,23315,3347.71,6615,-9999
07/19/2025 02:45,WEST CENTRAL,23312,263.47,9999,-9999
07/19/2025 02:50,CENTRAL EAST - VC,23330,2183.26,3065,-9999
07/19/2025 02:50,DYSINGER EAST,23326,576.52,3200,-9999
07/19/2025 02:50,MOSES SOUTH,23319,628.57,3150,-1600
07/19/2025 02:50,SCH - HQ - NY,23324,248,1500,-980
07/19/2025 02:50,SCH - HQ_CEDARS,325274,0,270,-40
07/19/2025 02:50,SCH - HQ_IMPORT_EXPORT,325376,248,1310,-9999
07/19/2025 02:50,SCH - NE - NY,23318,-673.93,1400,-1600
07/19/2025 02:50,SCH - NPX_1385,325277,12,125,-125
07/19/2025 02:50,SCH - NPX_CSC,325154,330,330,-330
07/19/2025 02:50,SCH - OH - NY,23317,1361.97,2000,-1600
07/19/2025 02:50,SCH - PJ - NY,23316,355.11,2000,-1050
07/19/2025 02:50,SCH - PJM_HTP,325905,660,660,-660
07/19/2025 02:50,SCH - PJM_NEPTUNE,325305,660,660,-660
07/19/2025 02:50,SCH - PJM_VFT,325658,315,315,-315
07/19/2025 02:50,SPR/DUN-SOUTH,23320,2457.05,4600,-9999
07/19/2025 02:50,TOTAL EAST,23314,3276.7,7550,-9999
07/19/2025 02:50,UPNY CONED,23315,3408.56,6615,-9999
07/19/2025 02:50,WEST CENTRAL,23312,321.75,9999,-9999
07/19/2025 02:55,CENTRAL EAST - VC,23330,2148.79,3065,-9999
07/19/2025 02:55,DYSINGER EAST,23326,638,3200,-9999
07/19/2025 02:55,MOSES SOUTH,23319,621.71,3150,-1600
07/19/2025 02:55,SCH - HQ - NY,23324,248,1500,-980
07/19/2025 02:55,SCH - HQ_CEDARS,325274,0,270,-40
07/19/2025 02:55,SCH - HQ_IMPORT_EXPORT,325376,248,1310,-9999
07/19/2025 02:55,SCH - NE - NY,23318,-696.93,1400,-1600
07/19/2025 02:55,SCH - NPX_1385,325277,12,125,-125
07/19/2025 02:55,SCH - NPX_CSC,325154,330,330,-330
07/19/2025 02:55,SCH - OH - NY,23317,1399.68,2000,-1600
07/19/2025 02:55,SCH - PJ - NY,23316,353.54,2000,-1050
07/19/2025 02:55,SCH - PJM_HTP,325905,660,660,-660
07/19/2025 02:55,SCH - PJM_NEPTUNE,325305,660,660,-660
07/19/2025 02:55,SCH - PJM_VFT,325658,315,315,-315
07/19/2025 02:55,SPR/DUN-SOUTH,23320,2462.14,4600,-9999
07/19/2025 02:55,TOTAL EAST,23314,3260.34,7550,-9999
07/19/2025 02:55,UPNY CONED,23315,3384.41,6615,-9999
07/19/2025 02:55,WEST CENTRAL,23312,384.56,9999,-9999
07/19/2025 03:00,CENTRAL EAST - VC,23330,2308.05,3065,-9999
07/19/2025 03:00,DYSINGER EAST,23326,781.7,3200,-9999
07/19/2025 03:00,MOSES SOUTH,23319,627.67,3150,-1600
07/19/2025 03:00,SCH - HQ - NY,23324,248,1500,-980
07/19/2025 03:00,SCH - HQ_CEDARS,325274,0,270,-40
07/19/2025 03:00,SCH - HQ_IMPORT_EXPORT,325376,248,1310,-9999
07/19/2025 03:00,SCH - NE - NY,23318,-846.77,1400,-1600
07/19/2025 03:00,SCH - NPX_1385,325277,-25,125,-125
07/19/2025 03:00,SCH - NPX_CSC,325154,292,330,-330
07/19/2025 03:00,SCH - OH - NY,23317,1401.45,2000,-1600
07/19/2025 03:00,SCH - PJ - NY,23316,371.55,2000,-1050
07/19/2025 03:00,SCH - PJM_HTP,325905,660,660,-660
07/19/2025 03:00,SCH - PJM_NEPTUNE,325305,660,660,-660
07/19/2025 03:00,SCH - PJM_VFT,325658,315,315,-315
07/19/2025 03:00,SPR/DUN-SOUTH,23320,2267.97,4600,-9999
07/19/2025 03:00,TOTAL EAST,23314,3488.65,7550,-9999
07/19/2025 03:00,UPNY CONED,23315,3194.13,6615,-9999
07/19/2025 03:00,WEST CENTRAL,23312,528.65,9999,-9999
07/19/2025 03:05,CENTRAL EAST - VC,23330,2309.58,3065,-9999
07/19/2025 03:05,DYSINGER EAST,23326,812.52,3200,-9999
07/19/2025 03:05,MOSES SOUTH,23319,637.85,3150,-1600
07/19/2025 03:05,SCH - HQ - NY,23324,248,1500,-980
07/19/2025 03:05,SCH - HQ_CEDARS,325274,0,270,-40
07/19/2025 03:05,SCH - HQ_IMPORT_EXPORT,325376,248,1310,-9999
07/19/2025 03:05,SCH - NE - NY,23318,-997.83,1400,-1600
07/19/2025 03:05,SCH - NPX_1385,325277,-63,125,-125
07/19/2025 03:05,SCH - NPX_CSC,325154,255,330,-330
07/19/2025 03:05,SCH - OH - NY,23317,1404.67,2000,-1600
07/19/2025 03:05,SCH - PJ - NY,23316,387.56,2000,-1050
07/19/2025 03:05,SCH - PJM_HTP,325905,660,660,-660
07/19/2025 03:05,SCH - PJM_NEPTUNE,325305,660,660,-660
07/19/2025 03:05,SCH - PJM_VFT,325658,315,315,-315
07/19/2025 03:05,SPR/DUN-SOUTH,23320,2137.56,4600,-9999
07/19/2025 03:05,TOTAL EAST,23314,3502.8,7550,-9999
07/19/2025 03:05,UPNY CONED,23315,3094.63,6615,-9999
07/19/2025 03:05,WEST CENTRAL,23312,559.99,9999,-9999
07/19/2025 03:10,CENTRAL EAST - VC,23330,2284.76,3065,-9999
07/19/2025 03:10,DYSINGER EAST,23326,741.96,3200,-9999
07/19/2025 03:10,MOSES SOUTH,23319,601.84,3150,-1600
07/19/2025 03:10,SCH - HQ - NY,23324,248,1500,-980
07/19/2025 03:10,SCH - HQ_CEDARS,325274,0,270,-40
07/19/2025 03:10,SCH - HQ_IMPORT_EXPORT,325376,248,1310,-9999
07/19/2025 03:10,SCH - NE - NY,23318,-995.84,1400,-1600
07/19/2025 03:10,SCH - NPX_1385,325277,-63,125,-125
07/19/2025 03:10,SCH - NPX_CSC,325154,255,330,-330
07/19/2025 03:10,SCH - OH - NY,23317,1400.78,2000,-1600
07/19/2025 03:10,SCH - PJ - NY,23316,386.9,2000,-1050
07/19/2025 03:10,SCH - PJM_HTP,325905,660,660,-660
07/19/2025 03:10,SCH - PJM_NEPTUNE,325305,660,660,-660
07/19/2025 03:10,SCH - PJM_VFT,325658,315,315,-315
07/19/2025 03:10,SPR/DUN-SOUTH,23320,2148.14,4600,-9999
07/19/2025 03:10,TOTAL EAST,23314,3516.74,7550,-9999
07/19/2025 03:10,UPNY CONED,23315,3078.72,6615,-9999
07/19/2025 03:10,WEST CENTRAL,23312,493.45,9999,-9999
07/19/2025 03:15,CENTRAL EAST - VC,23330,2298.26,3065,-9999
07/19/2025 03:15,DYSINGER EAST,23326,767.63,3200,-9999
07/19/2025 03:15,MOSES SOUTH,23319,608.34,3150,-1600
07/19/2025 03:15,SCH - HQ - NY,23324,248,1500,-980
07/19/2025 03:15,SCH - HQ_CEDARS,325274,0,270,-40
07/19/2025 03:15,SCH - HQ_IMPORT_EXPORT,325376,248,1310,-9999
07/19/2025 03:15,SCH - NE - NY,23318,-1090.82,1400,-1600
07/19/2025 03:15,SCH - NPX_1385,325277,-63,125,-125
07/19/2025 03:15,SCH - NPX_CSC,325154,255,330,-330
07/19/2025 03:15,SCH - OH - NY,23317,1403.87,2000,-1600
07/19/2025 03:15,SCH - PJ - NY,23316,383.87,2000,-1050
07/19/2025 03:15,SCH - PJM_HTP,325905,660,660,-660
07/19/2025 03:15,SCH - PJM_NEPTUNE,325305,660,660,-660
07/19/2025 03:15,SCH - PJM_VFT,325658,315,315,-315
07/19/2025 03:15,SPR/DUN-SOUTH,23320,2077.4,4600,-9999
07/19/2025 03:15,TOTAL EAST,23314,3524.73,7550,-9999
07/19/2025 03:15,UPNY CONED,23315,2984.91,6615,-9999
07/19/2025 03:15,WEST CENTRAL,23312,520.56,9999,-9999
07/19/2025 03:20,CENTRAL EAST - VC,23330,2287.87,3065,-9999
07/19/2025 03:20,DYSINGER EAST,23326,784.05,3200,-9999
07/19/2025 03:20,MOSES SOUTH,23319,616.45,3150,-1600
07/19/2025 03:20,SCH - HQ - NY,23324,248,1500,-980
07/19/2025 03:20,SCH - HQ_CEDARS,325274,0,270,-40
07/19/2025 03:20,SCH - HQ_IMPORT_EXPORT,325376,248,1310,-9999
07/19/2025 03:20,SCH - NE - NY,23318,-1186.73,1400,-1600
07/19/2025 03:20,SCH - NPX_1385,325277,-63,125,-125
07/19/2025 03:20,SCH - NPX_CSC,325154,255,330,-330
07/19/2025 03:20,SCH - OH - NY,23317,1404.73,2000,-1600
07/19/2025 03:20,SCH - PJ - NY,23316,380.95,2000,-1050
07/19/2025 03:20,SCH - PJM_HTP,325905,660,660,-660
07/19/2025 03:20,SCH - PJM_NEPTUNE,325305,660,660,-660
07/19/2025 03:20,SCH - PJM_VFT,325658,315,315,-315
07/19/2025 03:20,SPR/DUN-SOUTH,23320,2039.05,4600,-9999
07/19/2025 03:20,TOTAL EAST,23314,3513.62,7550,-9999
07/19/2025 03:20,UPNY CONED,23315,2929.13,6615,-9999
07/19/2025 03:20,WEST CENTRAL,23312,534.69,9999,-9999
07/19/2025 03:25,CENTRAL EAST - VC,23330,2299.67,3065,-9999
07/19/2025 03:25,DYSINGER EAST,23326,784.5,3200,-9999
07/19/2025 03:25,MOSES SOUTH,23319,616.25,3150,-1600
07/19/2025 03:25,SCH - HQ - NY,23324,248,1500,-980
07/19/2025 03:25,SCH - HQ_CEDARS,325274,0,270,-40
07/19/2025 03:25,SCH - HQ_IMPORT_EXPORT,325376,248,1310,-9999
07/19/2025 03:25,SCH - NE - NY,23318,-1186.72,1400,-1600
07/19/2025 03:25,SCH - NPX_1385,325277,-63,125,-125
07/19/2025 03:25,SCH - NPX_CSC,325154,255,330,-330
07/19/2025 03:25,SCH - OH - NY,23317,1399.86,2000,-1600
07/19/2025 03:25,SCH - PJ - NY,23316,387.75,2000,-1050
07/19/2025 03:25,SCH - PJM_HTP,325905,660,660,-660
07/19/2025 03:25,SCH - PJM_NEPTUNE,325305,660,660,-660
07/19/2025 03:25,SCH - PJM_VFT,325658,315,315,-315
07/19/2025 03:25,SPR/DUN-SOUTH,23320,2050.54,4600,-9999
07/19/2025 03:25,TOTAL EAST,23314,3520.9,7550,-9999
07/19/2025 03:25,UPNY CONED,23315,2931.65,6615,-9999
07/19/2025 03:25,WEST CENTRAL,23312,535.09,9999,-9999
07/19/2025 03:30,CENTRAL EAST - VC,23330,2249.55,3065,-9999
07/19/2025 03:30,DYSINGER EAST,23326,730.14,3200,-9999
07/19/2025 03:30,MOSES SOUTH,23319,587.75,3150,-1600
07/19/2025 03:30,SCH - HQ - NY,23324,248,1500,-980
07/19/2025 03:30,SCH - HQ_CEDARS,325274,0,270,-40
07/19/2025 03:30,SCH - HQ_IMPORT_EXPORT,325376,248,1310,-9999
07/19/2025 03:30,SCH - NE - NY,23318,-1186.88,1400,-1600
07/19/2025 03:30,SCH - NPX_1385,325277,-63,125,-125
07/19/2025 03:30,SCH - NPX_CSC,325154,255,330,-330
07/19/2025 03:30,SCH - OH - NY,23317,1399.44,2000,-1600
07/19/2025 03:30,SCH - PJ - NY,23316,388.43,2000,-1050
07/19/2025 03:30,SCH - PJM_HTP,325905,660,660,-660
07/19/2025 03:30,SCH - PJM_NEPTUNE,325305,660,660,-660
07/19/2025 03:30,SCH - PJM_VFT,325658,315,315,-315
07/19/2025 03:30,SPR/DUN-SOUTH,23320,2035.62,4600,-9999
07/19/2025 03:30,TOTAL EAST,23314,3536.94,7550,-9999
07/19/2025 03:30,UPNY CONED,23315,2915.29,6615,-9999
07/19/2025 03:30,WEST CENTRAL,23312,482.73,9999,-9999
07/19/2025 03:35,CENTRAL EAST - VC,23330,2222.33,3065,-9999
07/19/2025 03:35,DYSINGER EAST,23326,697.25,3200,-9999
07/19/2025 03:35,MOSES SOUTH,23319,547.61,3150,-1600
07/19/2025 03:35,SCH - HQ - NY,23324,248,1500,-980
07/19/2025 03:35,SCH - HQ_CEDARS,325274,0,270,-40
07/19/2025 03:35,SCH - HQ_IMPORT_EXPORT,325376,248,1310,-9999
07/19/2025 03:35,SCH - NE - NY,23318,-1186.84,1400,-1600
07/19/2025 03:35,SCH - NPX_1385,325277,-63,125,-125
07/19/2025 03:35,SCH - NPX_CSC,325154,255,330,-330
07/19/2025 03:35,SCH - OH - NY,23317,1400.11,2000,-1600
07/19/2025 03:35,SCH - PJ - NY,23316,387.66,2000,-1050
07/19/2025 03:35,SCH - PJM_HTP,325905,660,660,-660
07/19/2025 03:35,SCH - PJM_NEPTUNE,325305,660,660,-660
07/19/2025 03:35,SCH - PJM_VFT,325658,315,315,-315
07/19/2025 03:35,SPR/DUN-SOUTH,23320,2048,4600,-9999
07/19/2025 03:35,TOTAL EAST,23314,3560.11,7550,-9999
07/19/2025 03:35,UPNY CONED,23315,2914.4,6615,-9999
07/19/2025 03:35,WEST CENTRAL,23312,452.43,9999,-9999
07/19/2025 03:40,CENTRAL EAST - VC,23330,2245.23,3065,-9999
07/19/2025 03:40,DYSINGER EAST,23326,684.14,3200,-9999
07/19/2025 03:40,MOSES SOUTH,23319,538.23,3150,-1600
07/19/2025 03:40,SCH - HQ - NY,23324,248,1500,-980
07/19/2025 03:40,SCH - HQ_CEDARS,325274,0,270,-40
07/19/2025 03:40,SCH - HQ_IMPORT_EXPORT,325376,248,1310,-9999
07/19/2025 03:40,SCH - NE - NY,23318,-1186.88,1400,-1600
07/19/2025 03:40,SCH - NPX_1385,325277,-63,125,-125
07/19/2025 03:40,SCH - NPX_CSC,325154,255,330,-330
07/19/2025 03:40,SCH - OH - NY,23317,1400.2,2000,-1600
07/19/2025 03:40,SCH - PJ - NY,23316,387.48,2000,-1050
07/19/2025 03:40,SCH - PJM_HTP,325905,660,660,-660
07/19/2025 03:40,SCH - PJM_NEPTUNE,325305,660,660,-660
07/19/2025 03:40,SCH - PJM_VFT,325658,315,315,-315
07/19/2025 03:40,SPR/DUN-SOUTH,23320,2118.6,4600,-9999
07/19/2025 03:40,TOTAL EAST,23314,3590.7,7550,-9999
07/19/2025 03:40,UPNY CONED,23315,2965.39,6615,-9999
07/19/2025 03:40,WEST CENTRAL,23312,439.54,9999,-9999
07/19/2025 03:45,CENTRAL EAST - VC,23330,2258.88,3065,-9999
07/19/2025 03:45,DYSINGER EAST,23326,692.16,3200,-9999
07/19/2025 03:45,MOSES SOUTH,23319,566.84,3150,-1600
07/19/2025 03:45,SCH - HQ - NY,23324,248,1500,-980
07/19/2025 03:45,SCH - HQ_CEDARS,325274,0,270,-40
07/19/2025 03:45,SCH - HQ_IMPORT_EXPORT,325376,248,1310,-9999
07/19/2025 03:45,SCH - NE - NY,23318,-1212.81,1400,-1600
07/19/2025 03:45,SCH - NPX_1385,325277,-63,125,-125
07/19/2025 03:45,SCH - NPX_CSC,325154,255,330,-330
07/19/2025 03:45,SCH - OH - NY,23317,1400.13,2000,-1600
07/19/2025 03:45,SCH - PJ - NY,23316,386.47,2000,-1050
07/19/2025 03:45,SCH - PJM_HTP,325905,660,660,-660
07/19/2025 03:45,SCH - PJM_NEPTUNE,325305,660,660,-660
07/19/2025 03:45,SCH - PJM_VFT,325658,315,315,-315
07/19/2025 03:45,SPR/DUN-SOUTH,23320,2109.2,4600,-9999
07/19/2025 03:45,TOTAL EAST,23314,3577.06,7550,-9999
07/19/2025 03:45,UPNY CONED,23315,2941.69,6615,-9999
07/19/2025 03:45,WEST CENTRAL,23312,447.58,9999,-9999
07/19/2025 03:50,CENTRAL EAST - VC,23330,2262.4,3065,-9999
07/19/2025 03:50,DYSINGER EAST,23326,673,3200,-9999
07/19/2025 03:50,MOSES SOUTH,23319,553.3,3150,-1600
07/19/2025 03:50,SCH - HQ - NY,23324,248,1500,-980
07/19/2025 03:50,SCH - HQ_CEDARS,325274,0,270,-40
07/19/2025 03:50,SCH - HQ_IMPORT_EXPORT,325376,248,1310,-9999
07/19/2025 03:50,SCH - NE - NY,23318,-1238.63,1400,-1600
07/19/2025 03:50,SCH - NPX_1385,325277,-63,125,-125
07/19/2025 03:50,SCH - NPX_CSC,325154,255,330,-330
07/19/2025 03:50,SCH - OH - NY,23317,1400.23,2000,-1600
07/19/2025 03:50,SCH - PJ - NY,23316,384.02,2000,-1050
07/19/2025 03:50,SCH - PJM_HTP,325905,660,660,-660
07/19/2025 03:50,SCH - PJM_NEPTUNE,325305,660,660,-660
07/19/2025 03:50,SCH - PJM_VFT,325658,315,315,-315
07/19/2025 03:50,SPR/DUN-SOUTH,23320,2101.7,4600,-9999
07/19/2025 03:50,TOTAL EAST,23314,3590.38,7550,-9999
07/19/2025 03:50,UPNY CONED,23315,2924.92,6615,-9999
07/19/2025 03:50,WEST CENTRAL,23312,428.69,9999,-9999
07/19/2025 03:55,CENTRAL EAST - VC,23330,2256.95,3065,-9999
07/19/2025 03:55,DYSINGER EAST,23326,659.81,3200,-9999
07/19/2025 03:55,MOSES SOUTH,23319,543.25,3150,-1600
07/19/2025 03:55,SCH - HQ - NY,23324,248,1500,-980
07/19/2025 03:55,SCH - HQ_CEDARS,325274,0,270,-40
07/19/2025 03:55,SCH - HQ_IMPORT_EXPORT,325376,248,1310,-9999
07/19/2025 03:55,SCH - NE - NY,23318,-1238.63,1400,-1600
07/19/2025 03:55,SCH - NPX_1385,325277,-63,125,-125
07/19/2025 03:55,SCH - NPX_CSC,325154,255,330,-330
07/19/2025 03:55,SCH - OH - NY,23317,1400.26,2000,-1600
07/19/2025 03:55,SCH - PJ - NY,23316,382.96,2000,-1050
07/19/2025 03:55,SCH - PJM_HTP,325905,660,660,-660
07/19/2025 03:55,SCH - PJM_NEPTUNE,325305,660,660,-660
07/19/2025 03:55,SCH - PJM_VFT,325658,315,315,-315
07/19/2025 03:55,SPR/DUN-SOUTH,23320,2057.51,4600,-9999
07/19/2025 03:55,TOTAL EAST,23314,3597.93,7550,-9999
07/19/2025 03:55,UPNY CONED,23315,2894.1,6615,-9999
07/19/2025 03:55,WEST CENTRAL,23312,417.68,9999,-9999
07/19/2025 04:00,CENTRAL EAST - VC,23330,2247.98,3065,-9999
07/19/2025 04:00,DYSINGER EAST,23326,674.75,3200,-9999
07/19/2025 04:00,MOSES SOUTH,23319,596.35,3150,-1600
07/19/2025 04:00,SCH - HQ - NY,23324,282,1500,-980
07/19/2025 04:00,SCH - HQ_CEDARS,325274,0,270,-40
07/19/2025 04:00,SCH - HQ_IMPORT_EXPORT,325376,282,1310,-9999
07/19/2025 04:00,SCH - NE - NY,23318,-1143.93,1400,-1600
07/19/2025 04:00,SCH - NPX_1385,325277,-55,125,-125
07/19/2025 04:00,SCH - NPX_CSC,325154,255,330,-330
07/19/2025 04:00,SCH - OH - NY,23317,1400.12,2000,-1600
07/19/2025 04:00,SCH - PJ - NY,23316,354.72,2000,-1050
07/19/2025 04:00,SCH - PJM_HTP,325905,660,660,-660
07/19/2025 04:00,SCH - PJM_NEPTUNE,325305,660,660,-660
07/19/2025 04:00,SCH - PJM_VFT,325658,315,315,-315
07/19/2025 04:00,SPR/DUN-SOUTH,23320,1971.84,4600,-9999
07/19/2025 04:00,TOTAL EAST,23314,3593.35,7550,-9999
07/19/2025 04:00,UPNY CONED,23315,2779.55,6615,-9999
07/19/2025 04:00,WEST CENTRAL,23312,431.35,9999,-9999
07/19/2025 04:05,CENTRAL EAST - VC,23330,2237.38,3065,-9999
07/19/2025 04:05,DYSINGER EAST,23326,643.98,3200,-9999
07/19/2025 04:05,MOSES SOUTH,23319,615.23,3150,-1600
07/19/2025 04:05,SCH - HQ - NY,23324,316,1500,-980
07/19/2025 04:05,SCH - HQ_CEDARS,325274,0,270,-40
07/19/2025 04:05,SCH - HQ_IMPORT_EXPORT,325376,316,1310,-9999
07/19/2025 04:05,SCH - NE - NY,23318,-1049.03,1400,-1600
07/19/2025 04:05,SCH - NPX_1385,325277,-47,125,-125
07/19/2025 04:05,SCH - NPX_CSC,325154,255,330,-330
07/19/2025 04:05,SCH - OH - NY,23317,1400.24,2000,-1600
07/19/2025 04:05,SCH - PJ - NY,23316,323.73,2000,-1050
07/19/2025 04:05,SCH - PJM_HTP,325905,660,660,-660
07/19/2025 04:05,SCH - PJM_NEPTUNE,325305,660,660,-660
07/19/2025 04:05,SCH - PJM_VFT,325658,315,315,-315
07/19/2025 04:05,SPR/DUN-SOUTH,23320,2041.58,4600,-9999
07/19/2025 04:05,TOTAL EAST,23314,3600.76,7550,-9999
07/19/2025 04:05,UPNY CONED,23315,2836.85,6615,-9999
07/19/2025 04:05,WEST CENTRAL,23312,402,9999,-9999
07/19/2025 04:10,CENTRAL EAST - VC,23330,2240.06,3065,-9999
07/19/2025 04:10,DYSINGER EAST,23326,662.14,3200,-9999
07/19/2025 04:10,MOSES SOUTH,23319,607.33,3150,-1600
07/19/2025 04:10,SCH - HQ - NY,23324,316,1500,-980
07/19/2025 04:10,SCH - HQ_CEDARS,325274,0,270,-40
07/19/2025 04:10,SCH - HQ_IMPORT_EXPORT,325376,316,1310,-9999
07/19/2025 04:10,SCH - NE - NY,23318,-1048.94,1400,-1600
07/19/2025 04:10,SCH - NPX_1385,325277,-47,125,-125
07/19/2025 04:10,SCH - NPX_CSC,325154,255,330,-330
07/19/2025 04:10,SCH - OH - NY,23317,1400.25,2000,-1600
07/19/2025 04:10,SCH - PJ - NY,23316,323.55,2000,-1050
07/19/2025 04:10,SCH - PJM_HTP,325905,660,660,-660
07/19/2025 04:10,SCH - PJM_NEPTUNE,325305,660,660,-660
07/19/2025 04:10,SCH - PJM_VFT,325658,315,315,-315
07/19/2025 04:10,SPR/DUN-SOUTH,23320,2019.6,4600,-9999
07/19/2025 04:10,TOTAL EAST,23314,3580.2,7550,-9999
07/19/2025 04:10,UPNY CONED,23315,2812.53,6615,-9999
07/19/2025 04:10,WEST CENTRAL,23312,420.93,9999,-9999
07/19/2025 04:15,CENTRAL EAST - VC,23330,2221.09,3065,-9999
07/19/2025 04:15,DYSINGER EAST,23326,663.74,3200,-9999
07/19/2025 04:15,MOSES SOUTH,23319,581.04,3150,-1600
07/19/2025 04:15,SCH - HQ - NY,23324,316,1500,-980
07/19/2025 04:15,SCH - HQ_CEDARS,325274,0,270,-40
07/19/2025 04:15,SCH - HQ_IMPORT_EXPORT,325376,316,1310,-9999
07/19/2025 04:15,SCH - NE - NY,23318,-1052,1400,-1600
07/19/2025 04:15,SCH - NPX_1385,325277,-47,125,-125
07/19/2025 04:15,SCH - NPX_CSC,325154,255,330,-330
07/19/2025 04:15,SCH - OH - NY,23317,1400.27,2000,-1600
07/19/2025 04:15,SCH - PJ - NY,23316,323.62,2000,-1050
07/19/2025 04:15,SCH - PJM_HTP,325905,660,660,-660
07/19/2025 04:15,SCH - PJM_NEPTUNE,325305,660,660,-660
07/19/2025 04:15,SCH - PJM_VFT,325658,315,315,-315
07/19/2025 04:15,SPR/DUN-SOUTH,23320,2005.81,4600,-9999
07/19/2025 04:15,TOTAL EAST,23314,3567.82,7550,-9999
07/19/2025 04:15,UPNY CONED,23315,2798.5,6615,-9999
07/19/2025 04:15,WEST CENTRAL,23312,422.8,9999,-9999
07/19/2025 04:20,CENTRAL EAST - VC,23330,2193.36,3065,-9999
07/19/2025 04:20,DYSINGER EAST,23326,634.97,3200,-9999
07/19/2025 04:20,MOSES SOUTH,23319,580.37,3150,-1600
07/19/2025 04:20,SCH - HQ - NY,23324,316,1500,-980
07/19/2025 04:20,SCH - HQ_CEDARS,325274,0,270,-40
07/19/2025 04:20,SCH - HQ_IMPORT_EXPORT,325376,316,1310,-9999
07/19/2025 04:20,SCH - NE - NY,23318,-1056.03,1400,-1600
07/19/2025 04:20,SCH - NPX_1385,325277,-47,125,-125
07/19/2025 04:20,SCH - NPX_CSC,325154,255,330,-330
07/19/2025 04:20,SCH - OH - NY,23317,1400.34,2000,-1600
07/19/2025 04:20,SCH - PJ - NY,23316,322.62,2000,-1050
07/19/2025 04:20,SCH - PJM_HTP,325905,660,660,-660
07/19/2025 04:20,SCH - PJM_NEPTUNE,325305,660,660,-660
07/19/2025 04:20,SCH - PJM_VFT,325658,315,315,-315
07/19/2025 04:20,SPR/DUN-SOUTH,23320,1991.53,4600,-9999
07/19/2025 04:20,TOTAL EAST,23314,3569.12,7550,-9999
07/19/2025 04:20,UPNY CONED,23315,2782.89,6615,-9999
07/19/2025 04:20,WEST CENTRAL,23312,394.4,9999,-9999
07/19/2025 04:25,CENTRAL EAST - VC,23330,2219.83,3065,-9999
07/19/2025 04:25,DYSINGER EAST,23326,654.62,3200,-9999
07/19/2025 04:25,MOSES SOUTH,23319,582.28,3150,-1600
07/19/2025 04:25,SCH - HQ - NY,23324,316,1500,-980
07/19/2025 04:25,SCH - HQ_CEDARS,325274,0,270,-40
07/19/2025 04:25,SCH - HQ_IMPORT_EXPORT,325376,316,1310,-9999
07/19/2025 04:25,SCH - NE - NY,23318,-1056,1400,-1600
07/19/2025 04:25,SCH - NPX_1385,325277,-47,125,-125
07/19/2025 04:25,SCH - NPX_CSC,325154,255,330,-330
07/19/2025 04:25,SCH - OH - NY,23317,1400.28,2000,-1600
07/19/2025 04:25,SCH - PJ - NY,23316,323.58,2000,-1050
07/19/2025 04:25,SCH - PJM_HTP,325905,660,660,-660
07/19/2025 04:25,SCH - PJM_NEPTUNE,325305,660,660,-660
07/19/2025 04:25,SCH - PJM_VFT,325658,315,315,-315
07/19/2025 04:25,SPR/DUN-SOUTH,23320,2023.68,4600,-9999
07/19/2025 04:25,TOTAL EAST,23314,3568.85,7550,-9999
07/19/2025 04:25,UPNY CONED,23315,2805.35,6615,-9999
07/19/2025 04:25,WEST CENTRAL,23312,412.81,9999,-9999
07/19/2025 04:30,CENTRAL EAST - VC,23330,2220.01,3065,-9999
07/19/2025 04:30,DYSINGER EAST,23326,645.47,3200,-9999
07/19/2025 04:30,MOSES SOUTH,23319,577.13,3150,-1600
07/19/2025 04:30,SCH - HQ - NY,23324,316,1500,-980
07/19/2025 04:30,SCH - HQ_CEDARS,325274,0,270,-40
07/19/2025 04:30,SCH - HQ_IMPORT_EXPORT,325376,316,1310,-9999
07/19/2025 04:30,SCH - NE - NY,23318,-1060.97,1400,-1600
07/19/2025 04:30,SCH - NPX_1385,325277,-47,125,-125
07/19/2025 04:30,SCH - NPX_CSC,325154,255,330,-330
07/19/2025 04:30,SCH - OH - NY,23317,1400.35,2000,-1600
07/19/2025 04:30,SCH - PJ - NY,23316,322.46,2000,-1050
07/19/2025 04:30,SCH - PJM_HTP,325905,660,660,-660
07/19/2025 04:30,SCH - PJM_NEPTUNE,325305,660,660,-660
07/19/2025 04:30,SCH - PJM_VFT,325658,315,315,-315
07/19/2025 04:30,SPR/DUN-SOUTH,23320,2050.88,4600,-9999
07/19/2025 04:30,TOTAL EAST,23314,3589.48,7550,-9999
07/19/2025 04:30,UPNY CONED,23315,2828.62,6615,-9999
07/19/2025 04:30,WEST CENTRAL,23312,404.8,9999,-9999
07/19/2025 04:35,CENTRAL EAST - VC,23330,2218.75,3065,-9999
07/19/2025 04:35,DYSINGER EAST,23326,643.4,3200,-9999
07/19/2025 04:35,MOSES SOUTH,23319,568.16,3150,-1600
07/19/2025 04:35,SCH - HQ - NY,23324,316,1500,-980
07/19/2025 04:35,SCH - HQ_CEDARS,325274,0,270,-40
07/19/2025 04:35,SCH - HQ_IMPORT_EXPORT,325376,316,1310,-9999
07/19/2025 04:35,SCH - NE - NY,23318,-1066.92,1400,-1600
07/19/2025 04:35,SCH - NPX_1385,325277,-47,125,-125
07/19/2025 04:35,SCH - NPX_CSC,325154,255,330,-330
07/19/2025 04:35,SCH - OH - NY,23317,1400.39,2000,-1600
07/19/2025 04:35,SCH - PJ - NY,23316,323.32,2000,-1050
07/19/2025 04:35,SCH - PJM_HTP,325905,660,660,-660
07/19/2025 04:35,SCH - PJM_NEPTUNE,325305,660,660,-660
07/19/2025 04:35,SCH - PJM_VFT,325658,315,315,-315
07/19/2025 04:35,SPR/DUN-SOUTH,23320,2059.82,4600,-9999
07/19/2025 04:35,TOTAL EAST,23314,3601.38,7550,-9999
07/19/2025 04:35,UPNY CONED,23315,2837.67,6615,-9999
07/19/2025 04:35,WEST CENTRAL,23312,404.75,9999,-9999
07/19/2025 04:40,CENTRAL EAST - VC,23330,2203.05,3065,-9999
07/19/2025 04:40,DYSINGER EAST,23326,662.14,3200,-9999
07/19/2025 04:40,MOSES SOUTH,23319,577.92,3150,-1600
07/19/2025 04:40,SCH - HQ - NY,23324,316,1500,-980
07/19/2025 04:40,SCH - HQ_CEDARS,325274,0,270,-40
07/19/2025 04:40,SCH - HQ_IMPORT_EXPORT,325376,316,1310,-9999
07/19/2025 04:40,SCH - NE - NY,23318,-1066.99,1400,-1600
07/19/2025 04:40,SCH - NPX_1385,325277,-47,125,-125
07/19/2025 04:40,SCH - NPX_CSC,325154,255,330,-330
07/19/2025 04:40,SCH - OH - NY,23317,1400.29,2000,-1600
07/19/2025 04:40,SCH - PJ - NY,23316,320.62,2000,-1050
07/19/2025 04:40,SCH - PJM_HTP,325905,660,660,-660
07/19/2025 04:40,SCH - PJM_NEPTUNE,325305,660,660,-660
07/19/2025 04:40,SCH - PJM_VFT,325658,315,315,-315
07/19/2025 04:40,SPR/DUN-SOUTH,23320,2035.75,4600,-9999
07/19/2025 04:40,TOTAL EAST,23314,3573.86,7550,-9999
07/19/2025 04:40,UPNY CONED,23315,2806.23,6615,-9999
07/19/2025 04:40,WEST CENTRAL,23312,422.33,9999,-9999
07/19/2025 04:45,CENTRAL EAST - VC,23330,2196.42,3065,-9999
07/19/2025 04:45,DYSINGER EAST,23326,664.03,3200,-9999
07/19/2025 04:45,MOSES SOUTH,23319,569.82,3150,-1600
07/19/2025 04:45,SCH - HQ - NY,23324,316,1500,-980
07/19/2025 04:45,SCH - HQ_CEDARS,325274,0,270,-40
07/19/2025 04:45,SCH - HQ_IMPORT_EXPORT,325376,316,1310,-9999
07/19/2025 04:45,SCH - NE - NY,23318,-1081.96,1400,-1600
07/19/2025 04:45,SCH - NPX_1385,325277,-47,125,-125
07/19/2025 04:45,SCH - NPX_CSC,325154,255,330,-330
07/19/2025 04:45,SCH - OH - NY,23317,1400.26,2000,-1600
07/19/2025 04:45,SCH - PJ - NY,23316,322.6,2000,-1050
07/19/2025 04:45,SCH - PJM_HTP,325905,660,660,-660
07/19/2025 04:45,SCH - PJM_NEPTUNE,325305,660,660,-660
07/19/2025 04:45,SCH - PJM_VFT,325658,315,315,-315
07/19/2025 04:45,SPR/DUN-SOUTH,23320,1990.55,4600,-9999
07/19/2025 04:45,TOTAL EAST,23314,3539.57,7550,-9999
07/19/2025 04:45,UPNY CONED,23315,2760.61,6615,-9999
07/19/2025 04:45,WEST CENTRAL,23312,424.24,9999,-9999
07/19/2025 04:50,CENTRAL EAST - VC,23330,2202.04,3065,-9999
07/19/2025 04:50,DYSINGER EAST,23326,680.23,3200,-9999
07/19/2025 04:50,MOSES SOUTH,23319,578.65,3150,-1600
07/19/2025 04:50,SCH - HQ - NY,23324,316,1500,-980
07/19/2025 04:50,SCH - HQ_CEDARS,325274,0,270,-40
07/19/2025 04:50,SCH - HQ_IMPORT_EXPORT,325376,316,1310,-9999
07/19/2025 04:50,SCH - NE - NY,23318,-1097.9,1400,-1600
07/19/2025 04:50,SCH - NPX_1385,325277,-47,125,-125
07/19/2025 04:50,SCH - NPX_CSC,325154,255,330,-330
07/19/2025 04:50,SCH - OH - NY,23317,1400.22,2000,-1600
07/19/2025 04:50,SCH - PJ - NY,23316,322.6,2000,-1050
07/19/2025 04:50,SCH - PJM_HTP,325905,660,660,-660
07/19/2025 04:50,SCH - PJM_NEPTUNE,325305,660,660,-660
07/19/2025 04:50,SCH - PJM_VFT,325658,315,315,-315
07/19/2025 04:50,SPR/DUN-SOUTH,23320,1971.92,4600,-9999
07/19/2025 04:50,TOTAL EAST,23314,3534.31,7550,-9999
07/19/2025 04:50,UPNY CONED,23315,2737.75,6615,-9999
07/19/2025 04:50,WEST CENTRAL,23312,441.21,9999,-9999
07/19/2025 04:55,CENTRAL EAST - VC,23330,2208.93,3065,-9999
07/19/2025 04:55,DYSINGER EAST,23326,673.42,3200,-9999
07/19/2025 04:55,MOSES SOUTH,23319,562.46,3150,-1600
07/19/2025 04:55,SCH - HQ - NY,23324,316,1500,-980
07/19/2025 04:55,SCH - HQ_CEDARS,325274,0,270,-40
07/19/2025 04:55,SCH - HQ_IMPORT_EXPORT,325376,316,1310,-9999
07/19/2025 04:55,SCH - NE - NY,23318,-1097.89,1400,-1600
07/19/2025 04:55,SCH - NPX_1385,325277,-47,125,-125
07/19/2025 04:55,SCH - NPX_CSC,325154,255,330,-330
07/19/2025 04:55,SCH - OH - NY,23317,1400.28,2000,-1600
07/19/2025 04:55,SCH - PJ - NY,23316,323.39,2000,-1050
07/19/2025 04:55,SCH - PJM_HTP,325905,660,660,-660
07/19/2025 04:55,SCH - PJM_NEPTUNE,325305,660,660,-660
07/19/2025 04:55,SCH - PJM_VFT,325658,315,315,-315
07/19/2025 04:55,SPR/DUN-SOUTH,23320,1984.95,4600,-9999
07/19/2025 04:55,TOTAL EAST,23314,3526.48,7550,-9999
07/19/2025 04:55,UPNY CONED,23315,2745.82,6615,-9999
07/19/2025 04:55,WEST CENTRAL,23312,434.53,9999,-9999
07/19/2025 05:00,CENTRAL EAST - VC,23330,2198.02,3065,-9999
07/19/2025 05:00,DYSINGER EAST,23326,661.77,3200,-9999
07/19/2025 05:00,MOSES SOUTH,23319,581.82,3150,-1600
07/19/2025 05:00,SCH - HQ - NY,23324,325,1500,-980
07/19/2025 05:00,SCH - HQ_CEDARS,325274,0,270,-40
07/19/2025 05:00,SCH - HQ_IMPORT_EXPORT,325376,325,1310,-9999
07/19/2025 05:00,SCH - NE - NY,23318,-1175.83,1400,-1600
07/19/2025 05:00,SCH - NPX_1385,325277,-62,125,-125
07/19/2025 05:00,SCH - NPX_CSC,325154,255,330,-330
07/19/2025 05:00,SCH - OH - NY,23317,1392.22,2000,-1600
07/19/2025 05:00,SCH - PJ - NY,23316,292.4,2000,-1050
07/19/2025 05:00,SCH - PJM_HTP,325905,660,660,-660
07/19/2025 05:00,SCH - PJM_NEPTUNE,325305,660,660,-660
07/19/2025 05:00,SCH - PJM_VFT,325658,315,315,-315
07/19/2025 05:00,SPR/DUN-SOUTH,23320,1933.58,4600,-9999
07/19/2025 05:00,TOTAL EAST,23314,3479.61,7550,-9999
07/19/2025 05:00,UPNY CONED,23315,2667.13,6615,-9999
07/19/2025 05:00,WEST CENTRAL,23312,421.98,9999,-9999
07/19/2025 05:05,CENTRAL EAST - VC,23330,2203.52,3065,-9999
07/19/2025 05:05,DYSINGER EAST,23326,648.23,3200,-9999
07/19/2025 05:05,MOSES SOUTH,23319,582.34,3150,-1600
07/19/2025 05:05,SCH - HQ - NY,23324,334,1500,-980
07/19/2025 05:05,SCH - HQ_CEDARS,325274,0,270,-40
07/19/2025 05:05,SCH - HQ_IMPORT_EXPORT,325376,334,1310,-9999
07/19/2025 05:05,SCH - NE - NY,23318,-1253.62,1400,-1600
07/19/2025 05:05,SCH - NPX_1385,325277,-77,125,-125
07/19/2025 05:05,SCH - NPX_CSC,325154,255,330,-330
07/19/2025 05:05,SCH - OH - NY,23317,1385.28,2000,-1600
07/19/2025 05:05,SCH - PJ - NY,23316,259.92,2000,-1050
07/19/2025 05:05,SCH - PJM_HTP,325905,660,660,-660
07/19/2025 05:05,SCH - PJM_NEPTUNE,325305,660,660,-660
07/19/2025 05:05,SCH - PJM_VFT,325658,315,315,-315
07/19/2025 05:05,SPR/DUN-SOUTH,23320,1890.39,4600,-9999
07/19/2025 05:05,TOTAL EAST,23314,3440.02,7550,-9999
07/19/2025 05:05,UPNY CONED,23315,2605.52,6615,-9999
07/19/2025 05:05,WEST CENTRAL,23312,405.67,9999,-9999
07/19/2025 05:10,CENTRAL EAST - VC,23330,2142.85,3065,-9999
07/19/2025 05:10,DYSINGER EAST,23326,615.68,3200,-9999
07/19/2025 05:10,MOSES SOUTH,23319,568.03,3150,-1600
07/19/2025 05:10,SCH - HQ - NY,23324,334,1500,-980
07/19/2025 05:10,SCH - HQ_CEDARS,325274,0,270,-40
07/19/2025 05:10,SCH - HQ_IMPORT_EXPORT,325376,334,1310,-9999
07/19/2025 05:10,SCH - NE - NY,23318,-1255.64,1400,-1600
07/19/2025 05:10,SCH - NPX_1385,325277,-77,125,-125
07/19/2025 05:10,SCH - NPX_CSC,325154,255,330,-330
07/19/2025 05:10,SCH - OH - NY,23317,1385.33,2000,-1600
07/19/2025 05:10,SCH - PJ - NY,23316,262.35,2000,-1050
07/19/2025 05:10,SCH - PJM_HTP,325905,660,660,-660
07/19/2025 05:10,SCH - PJM_NEPTUNE,325305,660,660,-660
07/19/2025 05:10,SCH - PJM_VFT,325658,315,315,-315
07/19/2025 05:10,SPR/DUN-SOUTH,23320,1885.83,4600,-9999
07/19/2025 05:10,TOTAL EAST,23314,3443.44,7550,-9999
07/19/2025 05:10,UPNY CONED,23315,2588.4,6615,-9999
07/19/2025 05:10,WEST CENTRAL,23312,371.31,9999,-9999
07/19/2025 05:15,CENTRAL EAST - VC,23330,2133,3065,-9999
07/19/2025 05:15,DYSINGER EAST,23326,650.76,3200,-9999
07/19/2025 05:15,MOSES SOUTH,23319,514.03,3150,-1600
07/19/2025 05:15,SCH - HQ - NY,23324,334,1500,-980
07/19/2025 05:15,SCH - HQ_CEDARS,325274,0,270,-40
07/19/2025 05:15,SCH - HQ_IMPORT_EXPORT,325376,334,1310,-9999
07/19/2025 05:15,SCH - NE - NY,23318,-1234.65,1400,-1600
07/19/2025 05:15,SCH - NPX_1385,325277,-77,125,-125
07/19/2025 05:15,SCH - NPX_CSC,325154,255,330,-330
07/19/2025 05:15,SCH - OH - NY,23317,1385.3,2000,-1600
07/19/2025 05:15,SCH - PJ - NY,23316,263.42,2000,-1050
07/19/2025 05:15,SCH - PJM_HTP,325905,660,660,-660
07/19/2025 05:15,SCH - PJM_NEPTUNE,325305,660,660,-660
07/19/2025 05:15,SCH - PJM_VFT,325658,315,315,-315
07/19/2025 05:15,SPR/DUN-SOUTH,23320,1916.23,4600,-9999
07/19/2025 05:15,TOTAL EAST,23314,3451.15,7550,-9999
07/19/2025 05:15,UPNY CONED,23315,2610.82,6615,-9999
07/19/2025 05:15,WEST CENTRAL,23312,406.01,9999,-9999
07/19/2025 05:20,CENTRAL EAST - VC,23330,2180.02,3065,-9999
07/19/2025 05:20,DYSINGER EAST,23326,682.35,3200,-9999
07/19/2025 05:20,MOSES SOUTH,23319,521.46,3150,-1600
07/19/2025 05:20,SCH - HQ - NY,23324,334,1500,-980
07/19/2025 05:20,SCH - HQ_CEDARS,325274,0,270,-40
07/19/2025 05:20,SCH - HQ_IMPORT_EXPORT,325376,334,1310,-9999
07/19/2025 05:20,SCH - NE - NY,23318,-1212.52,1400,-1600
07/19/2025 05:20,SCH - NPX_1385,325277,-77,125,-125
07/19/2025 05:20,SCH - NPX_CSC,325154,255,330,-330
07/19/2025 05:20,SCH - OH - NY,23317,1385.17,2000,-1600
07/19/2025 05:20,SCH - PJ - NY,23316,262.38,2000,-1050
07/19/2025 05:20,SCH - PJM_HTP,325905,660,660,-660
07/19/2025 05:20,SCH - PJM_NEPTUNE,325305,660,660,-660
07/19/2025 05:20,SCH - PJM_VFT,325658,315,315,-315
07/19/2025 05:20,SPR/DUN-SOUTH,23320,1923.65,4600,-9999
07/19/2025 05:20,TOTAL EAST,23314,3466.9,7550,-9999
07/19/2025 05:20,UPNY CONED,23315,2624.13,6615,-9999
07/19/2025 05:20,WEST CENTRAL,23312,438.23,9999,-9999
07/19/2025 05:25,CENTRAL EAST - VC,23330,2187.5,3065,-9999
07/19/2025 05:25,DYSINGER EAST,23326,686.49,3200,-9999
07/19/2025 05:25,MOSES SOUTH,23319,510.47,3150,-1600
07/19/2025 05:25,SCH - HQ - NY,23324,334,1500,-980
07/19/2025 05:25,SCH - HQ_CEDARS,325274,0,270,-40
07/19/2025 05:25,SCH - HQ_IMPORT_EXPORT,325376,334,1310,-9999
07/19/2025 05:25,SCH - NE - NY,23318,-1212.5,1400,-1600
07/19/2025 05:25,SCH - NPX_1385,325277,-77,125,-125
07/19/2025 05:25,SCH - NPX_CSC,325154,255,330,-330
07/19/2025 05:25,SCH - OH - NY,23317,1385.2,2000,-1600
07/19/2025 05:25,SCH - PJ - NY,23316,259.3,2000,-1050
07/19/2025 05:25,SCH - PJM_HTP,325905,660,660,-660
07/19/2025 05:25,SCH - PJM_NEPTUNE,325305,660,660,-660
07/19/2025 05:25,SCH - PJM_VFT,325658,315,315,-315
07/19/2025 05:25,SPR/DUN-SOUTH,23320,1928.95,4600,-9999
07/19/2025 05:25,TOTAL EAST,23314,3473.45,7550,-9999
07/19/2025 05:25,UPNY CONED,23315,2642.39,6615,-9999
07/19/2025 05:25,WEST CENTRAL,23312,442.49,9999,-9999
07/19/2025 05:30,CENTRAL EAST - VC,23330,2186.42,3065,-9999
07/19/2025 05:30,DYSINGER EAST,23326,684.52,3200,-9999
07/19/2025 05:30,MOSES SOUTH,23319,522.68,3150,-1600
07/19/2025 05:30,SCH - HQ - NY,23324,334,1500,-980
07/19/2025 05:30,SCH - HQ_CEDARS,325274,0,270,-40
07/19/2025 05:30,SCH - HQ_IMPORT_EXPORT,325376,334,1310,-9999
07/19/2025 05:30,SCH - NE - NY,23318,-1179.31,1400,-1600
07/19/2025 05:30,SCH - NPX_1385,325277,-77,125,-125
07/19/2025 05:30,SCH - NPX_CSC,325154,255,330,-330
07/19/2025 05:30,SCH - OH - NY,23317,1385.17,2000,-1600
07/19/2025 05:30,SCH - PJ - NY,23316,259.27,2000,-1050
07/19/2025 05:30,SCH - PJM_HTP,325905,660,660,-660
07/19/2025 05:30,SCH - PJM_NEPTUNE,325305,660,660,-660
07/19/2025 05:30,SCH - PJM_VFT,325658,315,315,-315
07/19/2025 05:30,SPR/DUN-SOUTH,23320,1950.43,4600,-9999
07/19/2025 05:30,TOTAL EAST,23314,3467.55,7550,-9999
07/19/2025 05:30,UPNY CONED,23315,2669.3,6615,-9999
07/19/2025 05:30,WEST CENTRAL,23312,441.36,9999,-9999
07/19/2025 05:35,CENTRAL EAST - VC,23330,2177.94,3065,-9999
07/19/2025 05:35,DYSINGER EAST,23326,688.49,3200,-9999
07/19/2025 05:35,MOSES SOUTH,23319,516.5,3150,-1600
07/19/2025 05:35,SCH - HQ - NY,23324,334,1500,-980
07/19/2025 05:35,SCH - HQ_CEDARS,325274,0,270,-40
07/19/2025 05:35,SCH - HQ_IMPORT_EXPORT,325376,334,1310,-9999
07/19/2025 05:35,SCH - NE - NY,23318,-1146.5,1400,-1600
07/19/2025 05:35,SCH - NPX_1385,325277,-77,125,-125
07/19/2025 05:35,SCH - NPX_CSC,325154,255,330,-330
07/19/2025 05:35,SCH - OH - NY,23317,1385.16,2000,-1600
07/19/2025 05:35,SCH - PJ - NY,23316,259.38,2000,-1050
07/19/2025 05:35,SCH - PJM_HTP,325905,660,660,-660
07/19/2025 05:35,SCH - PJM_NEPTUNE,325305,660,660,-660
07/19/2025 05:35,SCH - PJM_VFT,325658,315,315,-315
07/19/2025 05:35,SPR/DUN-SOUTH,23320,1980.36,4600,-9999
07/19/2025 05:35,TOTAL EAST,23314,3460.69,7550,-9999
07/19/2025 05:35,UPNY CONED,23315,2686.53,6615,-9999
07/19/2025 05:35,WEST CENTRAL,23312,448.23,9999,-9999
07/19/2025 05:40,CENTRAL EAST - VC,23330,2158.61,3065,-9999
07/19/2025 05:40,DYSINGER EAST,23326,666.51,3200,-9999
07/19/2025 05:40,MOSES SOUTH,23319,504.13,3150,-1600
07/19/2025 05:40,SCH - HQ - NY,23324,334,1500,-980
07/19/2025 05:40,SCH - HQ_CEDARS,325274,0,270,-40
07/19/2025 05:40,SCH - HQ_IMPORT_EXPORT,325376,334,1310,-9999
07/19/2025 05:40,SCH - NE - NY,23318,-1146.54,1400,-1600
07/19/2025 05:40,SCH - NPX_1385,325277,-77,125,-125
07/19/2025 05:40,SCH - NPX_CSC,325154,255,330,-330
07/19/2025 05:40,SCH - OH - NY,23317,1385.23,2000,-1600
07/19/2025 05:40,SCH - PJ - NY,23316,258.33,2000,-1050
07/19/2025 05:40,SCH - PJM_HTP,325905,660,660,-660
07/19/2025 05:40,SCH - PJM_NEPTUNE,325305,660,660,-660
07/19/2025 05:40,SCH - PJM_VFT,325658,315,315,-315
07/19/2025 05:40,SPR/DUN-SOUTH,23320,1959.38,4600,-9999
07/19/2025 05:40,TOTAL EAST,23314,3451.44,7550,-9999
07/19/2025 05:40,UPNY CONED,23315,2647.24,6615,-9999
07/19/2025 05:40,WEST CENTRAL,23312,427.55,9999,-9999
07/19/2025 05:45,CENTRAL EAST - VC,23330,2172.82,3065,-9999
07/19/2025 05:45,DYSINGER EAST,23326,684.29,3200,-9999
07/19/2025 05:45,MOSES SOUTH,23319,506.63,3150,-1600
07/19/2025 05:45,SCH - HQ - NY,23324,334,1500,-980
07/19/2025 05:45,SCH - HQ_CEDARS,325274,0,270,-40
07/19/2025 05:45,SCH - HQ_IMPORT_EXPORT,325376,334,1310,-9999
07/19/2025 05:45,SCH - NE - NY,23318,-1206.49,1400,-1600
07/19/2025 05:45,SCH - NPX_1385,325277,-77,125,-125
07/19/2025 05:45,SCH - NPX_CSC,325154,255,330,-330
07/19/2025 05:45,SCH - OH - NY,23317,1385.16,2000,-1600
07/19/2025 05:45,SCH - PJ - NY,23316,258.34,2000,-1050
07/19/2025 05:45,SCH - PJM_HTP,325905,660,660,-660
07/19/2025 05:45,SCH - PJM_NEPTUNE,325305,660,660,-660
07/19/2025 05:45,SCH - PJM_VFT,325658,315,315,-315
07/19/2025 05:45,SPR/DUN-SOUTH,23320,1943.27,4600,-9999
07/19/2025 05:45,TOTAL EAST,23314,3460.41,7550,-9999
07/19/2025 05:45,UPNY CONED,23315,2612.28,6615,-9999
07/19/2025 05:45,WEST CENTRAL,23312,447.08,9999,-9999
07/19/2025 05:50,CENTRAL EAST - VC,23330,2172.98,3065,-9999
07/19/2025 05:50,DYSINGER EAST,23326,687.32,3200,-9999
07/19/2025 05:50,MOSES SOUTH,23319,511.8,3150,-1600
07/19/2025 05:50,SCH - HQ - NY,23324,334,1500,-980
07/19/2025 05:50,SCH - HQ_CEDARS,325274,0,270,-40
07/19/2025 05:50,SCH - HQ_IMPORT_EXPORT,325376,334,1310,-9999
07/19/2025 05:50,SCH - NE - NY,23318,-1267.65,1400,-1600
07/19/2025 05:50,SCH - NPX_1385,325277,-77,125,-125
07/19/2025 05:50,SCH - NPX_CSC,325154,255,330,-330
07/19/2025 05:50,SCH - OH - NY,23317,1385.18,2000,-1600
07/19/2025 05:50,SCH - PJ - NY,23316,262.61,2000,-1050
07/19/2025 05:50,SCH - PJM_HTP,325905,660,660,-660
07/19/2025 05:50,SCH - PJM_NEPTUNE,325305,660,660,-660
07/19/2025 05:50,SCH - PJM_VFT,325658,315,315,-315
07/19/2025 05:50,SPR/DUN-SOUTH,23320,1928.94,4600,-9999
07/19/2025 05:50,TOTAL EAST,23314,3468.38,7550,-9999
07/19/2025 05:50,UPNY CONED,23315,2589.78,6615,-9999
07/19/2025 05:50,WEST CENTRAL,23312,450.04,9999,-9999
07/19/2025 05:55,CENTRAL EAST - VC,23330,2176.14,3065,-9999
07/19/2025 05:55,DYSINGER EAST,23326,667.98,3200,-9999
07/19/2025 05:55,MOSES SOUTH,23319,510.23,3150,-1600
07/19/2025 05:55,SCH - HQ - NY,23324,334,1500,-980
07/19/2025 05:55,SCH - HQ_CEDARS,325274,0,270,-40
07/19/2025 05:55,SCH - HQ_IMPORT_EXPORT,325376,334,1310,-9999
07/19/2025 05:55,SCH - NE - NY,23318,-1266.27,1400,-1600
07/19/2025 05:55,SCH - NPX_1385,325277,-77,125,-125
07/19/2025 05:55,SCH - NPX_CSC,325154,255,330,-330
07/19/2025 05:55,SCH - OH - NY,23317,1385.22,2000,-1600
07/19/2025 05:55,SCH - PJ - NY,23316,260.16,2000,-1050
07/19/2025 05:55,SCH - PJM_HTP,325905,660,660,-660
07/19/2025 05:55,SCH - PJM_NEPTUNE,325305,660,660,-660
07/19/2025 05:55,SCH - PJM_VFT,325658,315,315,-315
07/19/2025 05:55,SPR/DUN-SOUTH,23320,1900.17,4600,-9999
07/19/2025 05:55,TOTAL EAST,23314,3476.53,7550,-9999
07/19/2025 05:55,UPNY CONED,23315,2571.62,6615,-9999
07/19/2025 05:55,WEST CENTRAL,23312,433.01,9999,-9999
07/19/2025 06:00,CENTRAL EAST - VC,23330,2090.67,3065,-9999
07/19/2025 06:00,DYSINGER EAST,23326,669.28,3200,-9999
07/19/2025 06:00,MOSES SOUTH,23319,364.03,3150,-1600
07/19/2025 06:00,SCH - HQ - NY,23324,191,1500,-980
07/19/2025 06:00,SCH - HQ_CEDARS,325274,0,270,-40
07/19/2025 06:00,SCH - HQ_IMPORT_EXPORT,325376,191,1310,-9999
07/19/2025 06:00,SCH - NE - NY,23318,-1205.34,1400,-1600
07/19/2025 06:00,SCH - NPX_1385,325277,-64,125,-125
07/19/2025 06:00,SCH - NPX_CSC,325154,217,330,-330
07/19/2025 06:00,SCH - OH - NY,23317,1372.14,2000,-1600
07/19/2025 06:00,SCH - PJ - NY,23316,397.26,2000,-1050
07/19/2025 06:00,SCH - PJM_HTP,325905,660,660,-660
07/19/2025 06:00,SCH - PJM_NEPTUNE,325305,660,660,-660
07/19/2025 06:00,SCH - PJM_VFT,325658,315,315,-315
07/19/2025 06:00,SPR/DUN-SOUTH,23320,1923.81,4600,-9999
07/19/2025 06:00,TOTAL EAST,23314,3401.32,7550,-9999
07/19/2025 06:00,UPNY CONED,23315,2616.45,6615,-9999
07/19/2025 06:00,WEST CENTRAL,23312,431.38,9999,-9999
07/19/2025 06:05,CENTRAL EAST - VC,23330,2052.82,3065,-9999
07/19/2025 06:05,DYSINGER EAST,23326,663.65,3200,-9999
07/19/2025 06:05,MOSES SOUTH,23319,226.52,3150,-1600
07/19/2025 06:05,SCH - HQ - NY,23324,48,1500,-980
07/19/2025 06:05,SCH - HQ_CEDARS,325274,0,270,-40
07/19/2025 06:05,SCH - HQ_IMPORT_EXPORT,325376,48,1310,-9999
07/19/2025 06:05,SCH - NE - NY,23318,-1144.5,1400,-1600
07/19/2025 06:05,SCH - NPX_1385,325277,-52,125,-125
07/19/2025 06:05,SCH - NPX_CSC,325154,180,330,-330
07/19/2025 06:05,SCH - OH - NY,23317,1360.11,2000,-1600
07/19/2025 06:05,SCH - PJ - NY,23316,535.11,2000,-1050
07/19/2025 06:05,SCH - PJM_HTP,325905,660,660,-660
07/19/2025 06:05,SCH - PJM_NEPTUNE,325305,660,660,-660
07/19/2025 06:05,SCH - PJM_VFT,325658,315,315,-315
07/19/2025 06:05,SPR/DUN-SOUTH,23320,1951.42,4600,-9999
07/19/2025 06:05,TOTAL EAST,23314,3361.95,7550,-9999
07/19/2025 06:05,UPNY CONED,23315,2644.63,6615,-9999
07/19/2025 06:05,WEST CENTRAL,23312,422.97,9999,-9999
07/19/2025 06:10,CENTRAL EAST - VC,23330,2069.69,3065,-9999
07/19/2025 06:10,DYSINGER EAST,23326,657.78,3200,-9999
07/19/2025 06:10,MOSES SOUTH,23319,253.1,3150,-1600
07/19/2025 06:10,SCH - HQ - NY,23324,48,1500,-980
07/19/2025 06:10,SCH - HQ_CEDARS,325274,0,270,-40
07/19/2025 06:10,SCH - HQ_IMPORT_EXPORT,325376,48,1310,-9999
07/19/2025 06:10,SCH - NE - NY,23318,-1145.03,1400,-1600
07/19/2025 06:10,SCH - NPX_1385,325277,-52,125,-125
07/19/2025 06:10,SCH - NPX_CSC,325154,180,330,-330
07/19/2025 06:10,SCH - OH - NY,23317,1360.12,2000,-1600
07/19/2025 06:10,SCH - PJ - NY,23316,537.03,2000,-1050
07/19/2025 06:10,SCH - PJM_HTP,325905,660,660,-660
07/19/2025 06:10,SCH - PJM_NEPTUNE,325305,660,660,-660
07/19/2025 06:10,SCH - PJM_VFT,325658,315,315,-315
07/19/2025 06:10,SPR/DUN-SOUTH,23320,1972.55,4600,-9999
07/19/2025 06:10,TOTAL EAST,23314,3381.61,7550,-9999
07/19/2025 06:10,UPNY CONED,23315,2653.47,6615,-9999
07/19/2025 06:10,WEST CENTRAL,23312,420.44,9999,-9999
07/19/2025 06:15,CENTRAL EAST - VC,23330,2010.63,3065,-9999
07/19/2025 06:15,DYSINGER EAST,23326,662.9,3200,-9999
07/19/2025 06:15,MOSES SOUTH,23319,299.56,3150,-1600
07/19/2025 06:15,SCH - HQ - NY,23324,48,1500,-980
07/19/2025 06:15,SCH - HQ_CEDARS,325274,0,270,-40
07/19/2025 06:15,SCH - HQ_IMPORT_EXPORT,325376,48,1310,-9999
07/19/2025 06:15,SCH - NE - NY,23318,-1145.98,1400,-1600
07/19/2025 06:15,SCH - NPX_1385,325277,-52,125,-125
07/19/2025 06:15,SCH - NPX_CSC,325154,180,330,-330
07/19/2025 06:15,SCH - OH - NY,23317,1360.14,2000,-1600
07/19/2025 06:15,SCH - PJ - NY,23316,541.46,2000,-1050
07/19/2025 06:15,SCH - PJM_HTP,325905,660,660,-660
07/19/2025 06:15,SCH - PJM_NEPTUNE,325305,660,660,-660
07/19/2025 06:15,SCH - PJM_VFT,325658,315,315,-315
07/19/2025 06:15,SPR/DUN-SOUTH,23320,1964.82,4600,-9999
07/19/2025 06:15,TOTAL EAST,23314,3419.16,7550,-9999
07/19/2025 06:15,UPNY CONED,23315,2648.41,6615,-9999
07/19/2025 06:15,WEST CENTRAL,23312,428.16,9999,-9999
07/19/2025 06:20,CENTRAL EAST - VC,23330,2048.65,3065,-9999
07/19/2025 06:20,DYSINGER EAST,23326,706.46,3200,-9999
07/19/2025 06:20,MOSES SOUTH,23319,292.62,3150,-1600
07/19/2025 06:20,SCH - HQ - NY,23324,48,1500,-980
07/19/2025 06:20,SCH - HQ_CEDARS,325274,0,270,-40
07/19/2025 06:20,SCH - HQ_IMPORT_EXPORT,325376,48,1310,-9999
07/19/2025 06:20,SCH - NE - NY,23318,-1145.98,1400,-1600
07/19/2025 06:20,SCH - NPX_1385,325277,-52,125,-125
07/19/2025 06:20,SCH - NPX_CSC,325154,180,330,-330
07/19/2025 06:20,SCH - OH - NY,23317,1360.14,2000,-1600
07/19/2025 06:20,SCH - PJ - NY,23316,533.46,2000,-1050
07/19/2025 06:20,SCH - PJM_HTP,325905,660,660,-660
07/19/2025 06:20,SCH - PJM_NEPTUNE,325305,660,660,-660
07/19/2025 06:20,SCH - PJM_VFT,325658,315,315,-315
07/19/2025 06:20,SPR/DUN-SOUTH,23320,2008.37,4600,-9999
07/19/2025 06:20,TOTAL EAST,23314,3458.11,7550,-9999
07/19/2025 06:20,UPNY CONED,23315,2687.18,6615,-9999
07/19/2025 06:20,WEST CENTRAL,23312,472.11,9999,-9999
07/19/2025 06:25,CENTRAL EAST - VC,23330,2044.02,3065,-9999
07/19/2025 06:25,DYSINGER EAST,23326,709.02,3200,-9999
07/19/2025 06:25,MOSES SOUTH,23319,294.51,3150,-1600
07/19/2025 06:25,SCH - HQ - NY,23324,48,1500,-980
07/19/2025 06:25,SCH - HQ_CEDARS,325274,0,270,-40
07/19/2025 06:25,SCH - HQ_IMPORT_EXPORT,325376,48,1310,-9999
07/19/2025 06:25,SCH - NE - NY,23318,-1145.98,1400,-1600
07/19/2025 06:25,SCH - NPX_1385,325277,-52,125,-125
07/19/2025 06:25,SCH - NPX_CSC,325154,180,330,-330
07/19/2025 06:25,SCH - OH - NY,23317,1360.12,2000,-1600
07/19/2025 06:25,SCH - PJ - NY,23316,535.58,2000,-1050
07/19/2025 06:25,SCH - PJM_HTP,325905,660,660,-660
07/19/2025 06:25,SCH - PJM_NEPTUNE,325305,660,660,-660
07/19/2025 06:25,SCH - PJM_VFT,325658,315,315,-315
07/19/2025 06:25,SPR/DUN-SOUTH,23320,1995.69,4600,-9999
07/19/2025 06:25,TOTAL EAST,23314,3446.02,7550,-9999
07/19/2025 06:25,UPNY CONED,23315,2681.55,6615,-9999
07/19/2025 06:25,WEST CENTRAL,23312,473.7,9999,-9999
07/19/2025 06:30,CENTRAL EAST - VC,23330,2046.69,3065,-9999
07/19/2025 06:30,DYSINGER EAST,23326,678.25,3200,-9999
07/19/2025 06:30,MOSES SOUTH,23319,305.65,3150,-1600
07/19/2025 06:30,SCH - HQ - NY,23324,48,1500,-980
07/19/2025 06:30,SCH - HQ_CEDARS,325274,0,270,-40
07/19/2025 06:30,SCH - HQ_IMPORT_EXPORT,325376,48,1310,-9999
07/19/2025 06:30,SCH - NE - NY,23318,-1145.98,1400,-1600
07/19/2025 06:30,SCH - NPX_1385,325277,-52,125,-125
07/19/2025 06:30,SCH - NPX_CSC,325154,180,330,-330
07/19/2025 06:30,SCH - OH - NY,23317,1360.15,2000,-1600
07/19/2025 06:30,SCH - PJ - NY,23316,539.55,2000,-1050
07/19/2025 06:30,SCH - PJM_HTP,325905,660,660,-660
07/19/2025 06:30,SCH - PJM_NEPTUNE,325305,660,660,-660
07/19/2025 06:30,SCH - PJM_VFT,325658,315,315,-315
07/19/2025 06:30,SPR/DUN-SOUTH,23320,1967.15,4600,-9999
07/19/2025 06:30,TOTAL EAST,23314,3436.51,7550,-9999
07/19/2025 06:30,UPNY CONED,23315,2665.96,6615,-9999
07/19/2025 06:30,WEST CENTRAL,23312,443.43,9999,-9999
07/19/2025 06:35,CENTRAL EAST - VC,23330,2057.23,3065,-9999
07/19/2025 06:35,DYSINGER EAST,23326,671.05,3200,-9999
07/19/2025 06:35,MOSES SOUTH,23319,310.1,3150,-1600
07/19/2025 06:35,SCH - HQ - NY,23324,48,1500,-980
07/19/2025 06:35,SCH - HQ_CEDARS,325274,0,270,-40
07/19/2025 06:35,SCH - HQ_IMPORT_EXPORT,325376,48,1310,-9999
07/19/2025 06:35,SCH - NE - NY,23318,-1145.98,1400,-1600
07/19/2025 06:35,SCH - NPX_1385,325277,-52,125,-125
07/19/2025 06:35,SCH - NPX_CSC,325154,180,330,-330
07/19/2025 06:35,SCH - OH - NY,23317,1360.14,2000,-1600
07/19/2025 06:35,SCH - PJ - NY,23316,538.58,2000,-1050
07/19/2025 06:35,SCH - PJM_HTP,325905,660,660,-660
07/19/2025 06:35,SCH - PJM_NEPTUNE,325305,660,660,-660
07/19/2025 06:35,SCH - PJM_VFT,325658,315,315,-315
07/19/2025 06:35,SPR/DUN-SOUTH,23320,1974.73,4600,-9999
07/19/2025 06:35,TOTAL EAST,23314,3443.46,7550,-9999
07/19/2025 06:35,UPNY CONED,23315,2689.77,6615,-9999
07/19/2025 06:35,WEST CENTRAL,23312,434.35,9999,-9999
07/19/2025 06:40,CENTRAL EAST - VC,23330,2049.47,3065,-9999
07/19/2025 06:40,DYSINGER EAST,23326,641.62,3200,-9999
07/19/2025 06:40,MOSES SOUTH,23319,308.75,3150,-1600
07/19/2025 06:40,SCH - HQ - NY,23324,48,1500,-980
07/19/2025 06:40,SCH - HQ_CEDARS,325274,0,270,-40
07/19/2025 06:40,SCH - HQ_IMPORT_EXPORT,325376,48,1310,-9999
07/19/2025 06:40,SCH - NE - NY,23318,-1145.98,1400,-1600
07/19/2025 06:40,SCH - NPX_1385,325277,-52,125,-125
07/19/2025 06:40,SCH - NPX_CSC,325154,180,330,-330
07/19/2025 06:40,SCH - OH - NY,23317,1360.23,2000,-1600
07/19/2025 06:40,SCH - PJ - NY,23316,540.51,2000,-1050
07/19/2025 06:40,SCH - PJM_HTP,325905,660,660,-660
07/19/2025 06:40,SCH - PJM_NEPTUNE,325305,660,660,-660
07/19/2025 06:40,SCH - PJM_VFT,325658,315,315,-315
07/19/2025 06:40,SPR/DUN-SOUTH,23320,1985.86,4600,-9999
07/19/2025 06:40,TOTAL EAST,23314,3454.9,7550,-9999
07/19/2025 06:40,UPNY CONED,23315,2719.21,6615,-9999
07/19/2025 06:40,WEST CENTRAL,23312,406.34,9999,-9999
07/19/2025 06:45,CENTRAL EAST - VC,23330,2032.02,3065,-9999
07/19/2025 06:45,DYSINGER EAST,23326,641.51,3200,-9999
07/19/2025 06:45,MOSES SOUTH,23319,321.81,3150,-1600
07/19/2025 06:45,SCH - HQ - NY,23324,48,1500,-980
07/19/2025 06:45,SCH - HQ_CEDARS,325274,0,270,-40
07/19/2025 06:45,SCH - HQ_IMPORT_EXPORT,325376,48,1310,-9999
07/19/2025 06:45,SCH - NE - NY,23318,-1145.99,1400,-1600
07/19/2025 06:45,SCH - NPX_1385,325277,-52,125,-125
07/19/2025 06:45,SCH - NPX_CSC,325154,180,330,-330
07/19/2025 06:45,SCH - OH - NY,23317,1360.16,2000,-1600
07/19/2025 06:45,SCH - PJ - NY,23316,543.49,2000,-1050
07/19/2025 06:45,SCH - PJM_HTP,325905,660,660,-660
07/19/2025 06:45,SCH - PJM_NEPTUNE,325305,660,660,-660
07/19/2025 06:45,SCH - PJM_VFT,325658,315,315,-315
07/19/2025 06:45,SPR/DUN-SOUTH,23320,1984.33,4600,-9999
07/19/2025 06:45,TOTAL EAST,23314,3449.75,7550,-9999
07/19/2025 06:45,UPNY CONED,23315,2721.73,6615,-9999
07/19/2025 06:45,WEST CENTRAL,23312,407.22,9999,-9999
07/19/2025 06:50,CENTRAL EAST - VC,23330,2040.66,3065,-9999
07/19/2025 06:50,DYSINGER EAST,23326,625.67,3200,-9999
07/19/2025 06:50,MOSES SOUTH,23319,310.01,3150,-1600
07/19/2025 06:50,SCH - HQ - NY,23324,48,1500,-980
07/19/2025 06:50,SCH - HQ_CEDARS,325274,0,270,-40
07/19/2025 06:50,SCH - HQ_IMPORT_EXPORT,325376,48,1310,-9999
07/19/2025 06:50,SCH - NE - NY,23318,-1145.99,1400,-1600
07/19/2025 06:50,SCH - NPX_1385,325277,-52,125,-125
07/19/2025 06:50,SCH - NPX_CSC,325154,180,330,-330
07/19/2025 06:50,SCH - OH - NY,23317,1360.22,2000,-1600
07/19/2025 06:50,SCH - PJ - NY,23316,541.5,2000,-1050
07/19/2025 06:50,SCH - PJM_HTP,325905,660,660,-660
07/19/2025 06:50,SCH - PJM_NEPTUNE,325305,660,660,-660
07/19/2025 06:50,SCH - PJM_VFT,325658,315,315,-315
07/19/2025 06:50,SPR/DUN-SOUTH,23320,1998.87,4600,-9999
07/19/2025 06:50,TOTAL EAST,23314,3454.79,7550,-9999
07/19/2025 06:50,UPNY CONED,23315,2734.97,6615,-9999
07/19/2025 06:50,WEST CENTRAL,23312,394.59,9999,-9999
07/19/2025 06:55,CENTRAL EAST - VC,23330,2053.4,3065,-9999
07/19/2025 06:55,DYSINGER EAST,23326,687.47,3200,-9999
07/19/2025 06:55,MOSES SOUTH,23319,303.22,3150,-1600
07/19/2025 06:55,SCH - HQ - NY,23324,48,1500,-980
07/19/2025 06:55,SCH - HQ_CEDARS,325274,0,270,-40
07/19/2025 06:55,SCH - HQ_IMPORT_EXPORT,325376,48,1310,-9999
07/19/2025 06:55,SCH - NE - NY,23318,-1145.99,1400,-1600
07/19/2025 06:55,SCH - NPX_1385,325277,-52,125,-125
07/19/2025 06:55,SCH - NPX_CSC,325154,180,330,-330
07/19/2025 06:55,SCH - OH - NY,23317,1360.15,2000,-1600
07/19/2025 06:55,SCH - PJ - NY,23316,535.58,2000,-1050
07/19/2025 06:55,SCH - PJM_HTP,325905,660,660,-660
07/19/2025 06:55,SCH - PJM_NEPTUNE,325305,660,660,-660
07/19/2025 06:55,SCH - PJM_VFT,325658,315,315,-315
07/19/2025 06:55,SPR/DUN-SOUTH,23320,2002.89,4600,-9999
07/19/2025 06:55,TOTAL EAST,23314,3484.46,7550,-9999
07/19/2025 06:55,UPNY CONED,23315,2760.6,6615,-9999
07/19/2025 06:55,WEST CENTRAL,23312,460.48,9999,-9999
07/19/2025 07:00,CENTRAL EAST - VC,23330,1962.96,3065,-9999
07/19/2025 07:00,DYSINGER EAST,23326,711.8,3200,-9999
07/19/2025 07:00,MOSES SOUTH,23319,141.35,3150,-1600
07/19/2025 07:00,SCH - HQ - NY,23324,-152,1500,-980
07/19/2025 07:00,SCH - HQ_CEDARS,325274,0,270,-40
07/19/2025 07:00,SCH - HQ_IMPORT_EXPORT,325376,-152,1310,-9999
07/19/2025 07:00,SCH - NE - NY,23318,-1023.98,1400,-1600
07/19/2025 07:00,SCH - NPX_1385,325277,-50,125,-125
07/19/2025 07:00,SCH - NPX_CSC,325154,255,330,-330
07/19/2025 07:00,SCH - OH - NY,23317,1360.11,2000,-1600
07/19/2025 07:00,SCH - PJ - NY,23316,539.61,2000,-1050
07/19/2025 07:00,SCH - PJM_HTP,325905,600,660,-660
07/19/2025 07:00,SCH - PJM_NEPTUNE,325305,660,660,-660
07/19/2025 07:00,SCH - PJM_VFT,325658,315,315,-315
07/19/2025 07:00,SPR/DUN-SOUTH,23320,2100.23,4600,-9999
07/19/2025 07:00,TOTAL EAST,23314,3346.68,7550,-9999
07/19/2025 07:00,UPNY CONED,23315,2740.13,6615,-9999
07/19/2025 07:00,WEST CENTRAL,23312,482.38,9999,-9999
07/19/2025 07:05,CENTRAL EAST - VC,23330,1830.47,3065,-9999
07/19/2025 07:05,DYSINGER EAST,23326,703.48,3200,-9999
07/19/2025 07:05,MOSES SOUTH,23319,-50.56,3150,-1600
07/19/2025 07:05,SCH - HQ - NY,23324,-352,1500,-980
07/19/2025 07:05,SCH - HQ_CEDARS,325274,0,270,-40
07/19/2025 07:05,SCH - HQ_IMPORT_EXPORT,325376,-352,1310,-9999
07/19/2025 07:05,SCH - NE - NY,23318,-902.99,1400,-1600
07/19/2025 07:05,SCH - NPX_1385,325277,-48,125,-125
07/19/2025 07:05,SCH - NPX_CSC,325154,330,330,-330
07/19/2025 07:05,SCH - OH - NY,23317,1360.08,2000,-1600
07/19/2025 07:05,SCH - PJ - NY,23316,538.61,2000,-1050
07/19/2025 07:05,SCH - PJM_HTP,325905,540,660,-660
07/19/2025 07:05,SCH - PJM_NEPTUNE,325305,660,660,-660
07/19/2025 07:05,SCH - PJM_VFT,325658,315,315,-315
07/19/2025 07:05,SPR/DUN-SOUTH,23320,2113.71,4600,-9999
07/19/2025 07:05,TOTAL EAST,23314,3146.83,7550,-9999
07/19/2025 07:05,UPNY CONED,23315,2666.15,6615,-9999
07/19/2025 07:05,WEST CENTRAL,23312,472.25,9999,-9999
07/19/2025 07:10,CENTRAL EAST - VC,23330,1809.72,3065,-9999
07/19/2025 07:10,DYSINGER EAST,23326,657.13,3200,-9999
07/19/2025 07:10,MOSES SOUTH,23319,-22.98,3150,-1600
07/19/2025 07:10,SCH - HQ - NY,23324,-352,1500,-980
07/19/2025 07:10,SCH - HQ_CEDARS,325274,0,270,-40
07/19/2025 07:10,SCH - HQ_IMPORT_EXPORT,325376,-352,1310,-9999
07/19/2025 07:10,SCH - NE - NY,23318,-903.08,1400,-1600
07/19/2025 07:10,SCH - NPX_1385,325277,-48,125,-125
07/19/2025 07:10,SCH - NPX_CSC,325154,330,330,-330
07/19/2025 07:10,SCH - OH - NY,23317,1360.19,2000,-1600
07/19/2025 07:10,SCH - PJ - NY,23316,536.15,2000,-1050
07/19/2025 07:10,SCH - PJM_HTP,325905,540,660,-660
07/19/2025 07:10,SCH - PJM_NEPTUNE,325305,660,660,-660
07/19/2025 07:10,SCH - PJM_VFT,325658,315,315,-315
07/19/2025 07:10,SPR/DUN-SOUTH,23320,2103.81,4600,-9999
07/19/2025 07:10,TOTAL EAST,23314,3151.38,7550,-9999
07/19/2025 07:10,UPNY CONED,23315,2653.17,6615,-9999
07/19/2025 07:10,WEST CENTRAL,23312,428.24,9999,-9999
07/19/2025 07:15,CENTRAL EAST - VC,23330,1813.72,3065,-9999
07/19/2025 07:15,DYSINGER EAST,23326,598.26,3200,-9999
07/19/2025 07:15,MOSES SOUTH,23319,7.37,3150,-1600
07/19/2025 07:15,SCH - HQ - NY,23324,-352,1500,-980
07/19/2025 07:15,SCH - HQ_CEDARS,325274,0,270,-40
07/19/2025 07:15,SCH - HQ_IMPORT_EXPORT,325376,-352,1310,-9999
07/19/2025 07:15,SCH - NE - NY,23318,-900.08,1400,-1600
07/19/2025 07:15,SCH - NPX_1385,325277,-48,125,-125
07/19/2025 07:15,SCH - NPX_CSC,325154,330,330,-330
07/19/2025 07:15,SCH - OH - NY,23317,1360.43,2000,-1600
07/19/2025 07:15,SCH - PJ - NY,23316,538.92,2000,-1050
07/19/2025 07:15,SCH - PJM_HTP,325905,540,660,-660
07/19/2025 07:15,SCH - PJM_NEPTUNE,325305,660,660,-660
07/19/2025 07:15,SCH - PJM_VFT,325658,315,315,-315
07/19/2025 07:15,SPR/DUN-SOUTH,23320,2119.34,4600,-9999
07/19/2025 07:15,TOTAL EAST,23314,3179.76,7550,-9999
07/19/2025 07:15,UPNY CONED,23315,2686.88,6615,-9999
07/19/2025 07:15,WEST CENTRAL,23312,375.15,9999,-9999
07/19/2025 07:20,CENTRAL EAST - VC,23330,1781.9,3065,-9999
07/19/2025 07:20,DYSINGER EAST,23326,576.11,3200,-9999
07/19/2025 07:20,MOSES SOUTH,23319,24.11,3150,-1600
07/19/2025 07:20,SCH - HQ - NY,23324,-352,1500,-980
07/19/2025 07:20,SCH - HQ_CEDARS,325274,0,270,-40
07/19/2025 07:20,SCH - HQ_IMPORT_EXPORT,325376,-352,1310,-9999
07/19/2025 07:20,SCH - NE - NY,23318,-898.08,1400,-1600
07/19/2025 07:20,SCH - NPX_1385,325277,-48,125,-125
07/19/2025 07:20,SCH - NPX_CSC,325154,330,330,-330
07/19/2025 07:20,SCH - OH - NY,23317,1360.46,2000,-1600
07/19/2025 07:20,SCH - PJ - NY,23316,537.82,2000,-1050
07/19/2025 07:20,SCH - PJM_HTP,325905,540,660,-660
07/19/2025 07:20,SCH - PJM_NEPTUNE,325305,660,660,-660
07/19/2025 07:20,SCH - PJM_VFT,325658,315,315,-315
07/19/2025 07:20,SPR/DUN-SOUTH,23320,2133.32,4600,-9999
07/19/2025 07:20,TOTAL EAST,23314,3152.65,7550,-9999
07/19/2025 07:20,UPNY CONED,23315,2668.24,6615,-9999
07/19/2025 07:20,WEST CENTRAL,23312,354.28,9999,-9999
07/19/2025 07:25,CENTRAL EAST - VC,23330,1847.57,3065,-9999
07/19/2025 07:25,DYSINGER EAST,23326,593.11,3200,-9999
07/19/2025 07:25,MOSES SOUTH,23319,14.68,3150,-1600
07/19/2025 07:25,SCH - HQ - NY,23324,-352,1500,-980
07/19/2025 07:25,SCH - HQ_CEDARS,325274,0,270,-40
07/19/2025 07:25,SCH - HQ_IMPORT_EXPORT,325376,-352,1310,-9999
07/19/2025 07:25,SCH - NE - NY,23318,-898.08,1400,-1600
07/19/2025 07:25,SCH - NPX_1385,325277,-48,125,-125
07/19/2025 07:25,SCH - NPX_CSC,325154,330,330,-330
07/19/2025 07:25,SCH - OH - NY,23317,1360.38,2000,-1600
07/19/2025 07:25,SCH - PJ - NY,23316,537.02,2000,-1050
07/19/2025 07:25,SCH - PJM_HTP,325905,540,660,-660
07/19/2025 07:25,SCH - PJM_NEPTUNE,325305,660,660,-660
07/19/2025 07:25,SCH - PJM_VFT,325658,315,315,-315
07/19/2025 07:25,SPR/DUN-SOUTH,23320,2153.19,4600,-9999
07/19/2025 07:25,TOTAL EAST,23314,3160.88,7550,-9999
07/19/2025 07:25,UPNY CONED,23315,2722.21,6615,-9999
07/19/2025 07:25,WEST CENTRAL,23312,374.08,9999,-9999
07/19/2025 07:30,CENTRAL EAST - VC,23330,1858.96,3065,-9999
07/19/2025 07:30,DYSINGER EAST,23326,604.02,3200,-9999
07/19/2025 07:30,MOSES SOUTH,23319,18.34,3150,-1600
07/19/2025 07:30,SCH - HQ - NY,23324,-352,1500,-980
07/19/2025 07:30,SCH - HQ_CEDARS,325274,0,270,-40
07/19/2025 07:30,SCH - HQ_IMPORT_EXPORT,325376,-352,1310,-9999
07/19/2025 07:30,SCH - NE - NY,23318,-903.08,1400,-1600
07/19/2025 07:30,SCH - NPX_1385,325277,-48,125,-125
07/19/2025 07:30,SCH - NPX_CSC,325154,330,330,-330
07/19/2025 07:30,SCH - OH - NY,23317,1360.36,2000,-1600
07/19/2025 07:30,SCH - PJ - NY,23316,537.04,2000,-1050
07/19/2025 07:30,SCH - PJM_HTP,325905,540,660,-660
07/19/2025 07:30,SCH - PJM_NEPTUNE,325305,660,660,-660
07/19/2025 07:30,SCH - PJM_VFT,325658,315,315,-315
07/19/2025 07:30,SPR/DUN-SOUTH,23320,2184.45,4600,-9999
07/19/2025 07:30,TOTAL EAST,23314,3207.02,7550,-9999
07/19/2025 07:30,UPNY CONED,23315,2780.85,6615,-9999
07/19/2025 07:30,WEST CENTRAL,23312,390.68,9999,-9999
07/19/2025 07:35,CENTRAL EAST - VC,23330,1844.78,3065,-9999
07/19/2025 07:35,DYSINGER EAST,23326,572.51,3200,-9999
07/19/2025 07:35,MOSES SOUTH,23319,14.44,3150,-1600
07/19/2025 07:35,SCH - HQ - NY,23324,-352,1500,-980
07/19/2025 07:35,SCH - HQ_CEDARS,325274,0,270,-40
07/19/2025 07:35,SCH - HQ_IMPORT_EXPORT,325376,-352,1310,-9999
07/19/2025 07:35,SCH - NE - NY,23318,-908.08,1400,-1600
07/19/2025 07:35,SCH - NPX_1385,325277,-48,125,-125
07/19/2025 07:35,SCH - NPX_CSC,325154,330,330,-330
07/19/2025 07:35,SCH - OH - NY,23317,1360.44,2000,-1600
07/19/2025 07:35,SCH - PJ - NY,23316,536.93,2000,-1050
07/19/2025 07:35,SCH - PJM_HTP,325905,540,660,-660
07/19/2025 07:35,SCH - PJM_NEPTUNE,325305,660,660,-660
07/19/2025 07:35,SCH - PJM_VFT,325658,315,315,-315
07/19/2025 07:35,SPR/DUN-SOUTH,23320,2197.37,4600,-9999
07/19/2025 07:35,TOTAL EAST,23314,3228.33,7550,-9999
07/19/2025 07:35,UPNY CONED,23315,2812.13,6615,-9999
07/19/2025 07:35,WEST CENTRAL,23312,367.42,9999,-9999
07/19/2025 07:40,CENTRAL EAST - VC,23330,1821.64,3065,-9999
07/19/2025 07:40,DYSINGER EAST,23326,554.25,3200,-9999
07/19/2025 07:40,MOSES SOUTH,23319,0.7,3150,-1600
07/19/2025 07:40,SCH - HQ - NY,23324,-352,1500,-980
07/19/2025 07:40,SCH - HQ_CEDARS,325274,0,270,-40
07/19/2025 07:40,SCH - HQ_IMPORT_EXPORT,325376,-352,1310,-9999
07/19/2025 07:40,SCH - NE - NY,23318,-908.08,1400,-1600
07/19/2025 07:40,SCH - NPX_1385,325277,-48,125,-125
07/19/2025 07:40,SCH - NPX_CSC,325154,330,330,-330
07/19/2025 07:40,SCH - OH - NY,23317,1360.52,2000,-1600
07/19/2025 07:40,SCH - PJ - NY,23316,535.83,2000,-1050
07/19/2025 07:40,SCH - PJM_HTP,325905,540,660,-660
07/19/2025 07:40,SCH - PJM_NEPTUNE,325305,660,660,-660
07/19/2025 07:40,SCH - PJM_VFT,325658,315,315,-315
07/19/2025 07:40,SPR/DUN-SOUTH,23320,2236.03,4600,-9999
07/19/2025 07:40,TOTAL EAST,23314,3250.68,7550,-9999
07/19/2025 07:40,UPNY CONED,23315,2838.77,6615,-9999
07/19/2025 07:40,WEST CENTRAL,23312,354.29,9999,-9999
07/19/2025 07:45,CENTRAL EAST - VC,23330,1813.55,3065,-9999
07/19/2025 07:45,DYSINGER EAST,23326,540.2,3200,-9999
07/19/2025 07:45,MOSES SOUTH,23319,-3.26,3150,-1600
07/19/2025 07:45,SCH - HQ - NY,23324,-352,1500,-980
07/19/2025 07:45,SCH - HQ_CEDARS,325274,0,270,-40
07/19/2025 07:45,SCH - HQ_IMPORT_EXPORT,325376,-352,1310,-9999
07/19/2025 07:45,SCH - NE - NY,23318,-914.09,1400,-1600
07/19/2025 07:45,SCH - NPX_1385,325277,-48,125,-125
07/19/2025 07:45,SCH - NPX_CSC,325154,330,330,-330
07/19/2025 07:45,SCH - OH - NY,23317,1360.57,2000,-1600
07/19/2025 07:45,SCH - PJ - NY,23316,538.76,2000,-1050
07/19/2025 07:45,SCH - PJM_HTP,325905,540,660,-660
07/19/2025 07:45,SCH - PJM_NEPTUNE,325305,660,660,-660
07/19/2025 07:45,SCH - PJM_VFT,325658,315,315,-315
07/19/2025 07:45,SPR/DUN-SOUTH,23320,2291.31,4600,-9999
07/19/2025 07:45,TOTAL EAST,23314,3274.93,7550,-9999
07/19/2025 07:45,UPNY CONED,23315,2863.97,6615,-9999
07/19/2025 07:45,WEST CENTRAL,23312,344.29,9999,-9999
07/19/2025 07:50,CENTRAL EAST - VC,23330,1837.59,3065,-9999
07/19/2025 07:50,DYSINGER EAST,23326,550.26,3200,-9999
07/19/2025 07:50,MOSES SOUTH,23319,0.64,3150,-1600
07/19/2025 07:50,SCH - HQ - NY,23324,-352,1500,-980
07/19/2025 07:50,SCH - HQ_CEDARS,325274,0,270,-40
07/19/2025 07:50,SCH - HQ_IMPORT_EXPORT,325376,-352,1310,-9999
07/19/2025 07:50,SCH - NE - NY,23318,-921.08,1400,-1600
07/19/2025 07:50,SCH - NPX_1385,325277,-48,125,-125
07/19/2025 07:50,SCH - NPX_CSC,325154,330,330,-330
07/19/2025 07:50,SCH - OH - NY,23317,1360.57,2000,-1600
07/19/2025 07:50,SCH - PJ - NY,23316,529.76,2000,-1050
07/19/2025 07:50,SCH - PJM_HTP,325905,540,660,-660
07/19/2025 07:50,SCH - PJM_NEPTUNE,325305,660,660,-660
07/19/2025 07:50,SCH - PJM_VFT,325658,315,315,-315
07/19/2025 07:50,SPR/DUN-SOUTH,23320,2345.85,4600,-9999
07/19/2025 07:50,TOTAL EAST,23314,3323.19,7550,-9999
07/19/2025 07:50,UPNY CONED,23315,2903.55,6615,-9999
07/19/2025 07:50,WEST CENTRAL,23312,356.15,9999,-9999
07/19/2025 07:55,CENTRAL EAST - VC,23330,1878.67,3065,-9999
07/19/2025 07:55,DYSINGER EAST,23326,560.94,3200,-9999
07/19/2025 07:55,MOSES SOUTH,23319,7.27,3150,-1600
07/19/2025 07:55,SCH - HQ - NY,23324,-352,1500,-980
07/19/2025 07:55,SCH - HQ_CEDARS,325274,0,270,-40
07/19/2025 07:55,SCH - HQ_IMPORT_EXPORT,325376,-352,1310,-9999
07/19/2025 07:55,SCH - NE - NY,23318,-921.08,1400,-1600
07/19/2025 07:55,SCH - NPX_1385,325277,-48,125,-125
07/19/2025 07:55,SCH - NPX_CSC,325154,330,330,-330
07/19/2025 07:55,SCH - OH - NY,23317,1360.5,2000,-1600
07/19/2025 07:55,SCH - PJ - NY,23316,537.89,2000,-1050
07/19/2025 07:55,SCH - PJM_HTP,325905,540,660,-660
07/19/2025 07:55,SCH - PJM_NEPTUNE,325305,660,660,-660
07/19/2025 07:55,SCH - PJM_VFT,325658,315,315,-315
07/19/2025 07:55,SPR/DUN-SOUTH,23320,2417.89,4600,-9999
07/19/2025 07:55,TOTAL EAST,23314,3353.91,7550,-9999
07/19/2025 07:55,UPNY CONED,23315,2974.45,6615,-9999
07/19/2025 07:55,WEST CENTRAL,23312,370.6,9999,-9999
07/19/2025 08:00,CENTRAL EAST - VC,23330,1574.93,3065,-9999
07/19/2025 08:00,DYSINGER EAST,23326,333.24,3200,-9999
07/19/2025 08:00,MOSES SOUTH,23319,-196.93,3150,-1600
07/19/2025 08:00,SCH - HQ - NY,23324,-592,1500,-980
07/19/2025 08:00,SCH - HQ_CEDARS,325274,0,270,-40
07/19/2025 08:00,SCH - HQ_IMPORT_EXPORT,325376,-592,1310,-9999
07/19/2025 08:00,SCH - NE - NY,23318,-772.09,1400,-1600
07/19/2025 08:00,SCH - NPX_1385,325277,-25,125,-125
07/19/2025 08:00,SCH - NPX_CSC,325154,330,330,-330
07/19/2025 08:00,SCH - OH - NY,23317,1330.6,2000,-1600
07/19/2025 08:00,SCH - PJ - NY,23316,385.65,2000,-1050
07/19/2025 08:00,SCH - PJM_HTP,325905,600,660,-660
07/19/2025 08:00,SCH - PJM_NEPTUNE,325305,660,660,-660
07/19/2025 08:00,SCH - PJM_VFT,325658,315,315,-315
07/19/2025 08:00,SPR/DUN-SOUTH,23320,2560.1,4600,-9999
07/19/2025 08:00,TOTAL EAST,23314,2845.96,7550,-9999
07/19/2025 08:00,UPNY CONED,23315,3132.25,6615,-9999
07/19/2025 08:00,WEST CENTRAL,23312,143.6,9999,-9999
07/19/2025 08:05,CENTRAL EAST - VC,23330,1377.22,3065,-9999
07/19/2025 08:05,DYSINGER EAST,23326,242.7,3200,-9999
07/19/2025 08:05,MOSES SOUTH,23319,-474.79,3150,-1600
07/19/2025 08:05,SCH - HQ - NY,23324,-832,1500,-980
07/19/2025 08:05,SCH - HQ_CEDARS,325274,0,270,-40
07/19/2025 08:05,SCH - HQ_IMPORT_EXPORT,325376,-832,1310,-9999
07/19/2025 08:05,SCH - NE - NY,23318,-623.09,1400,-1600
07/19/2025 08:05,SCH - NPX_1385,325277,-3,125,-125
07/19/2025 08:05,SCH - NPX_CSC,325154,330,330,-330
07/19/2025 08:05,SCH - OH - NY,23317,1302.02,2000,-1600
07/19/2025 08:05,SCH - PJ - NY,23316,233.37,2000,-1050
07/19/2025 08:05,SCH - PJM_HTP,325905,660,660,-660
07/19/2025 08:05,SCH - PJM_NEPTUNE,325305,660,660,-660
07/19/2025 08:05,SCH - PJM_VFT,325658,315,315,-315
07/19/2025 08:05,SPR/DUN-SOUTH,23320,2473.51,4600,-9999
07/19/2025 08:05,TOTAL EAST,23314,2446.61,7550,-9999
07/19/2025 08:05,UPNY CONED,23315,2993.18,6615,-9999
07/19/2025 08:05,WEST CENTRAL,23312,54.49,9999,-9999
07/19/2025 08:10,CENTRAL EAST - VC,23330,1405.63,3065,-9999
07/19/2025 08:10,DYSINGER EAST,23326,280.46,3200,-9999
07/19/2025 08:10,MOSES SOUTH,23319,-492.5,3150,-1600
07/19/2025 08:10,SCH - HQ - NY,23324,-832,1500,-980
07/19/2025 08:10,SCH - HQ_CEDARS,325274,0,270,-40
07/19/2025 08:10,SCH - HQ_IMPORT_EXPORT,325376,-832,1310,-9999
07/19/2025 08:10,SCH - NE - NY,23318,-623.1,1400,-1600
07/19/2025 08:10,SCH - NPX_1385,325277,-3,125,-125
07/19/2025 08:10,SCH - NPX_CSC,325154,330,330,-330
07/19/2025 08:10,SCH - OH - NY,23317,1301.93,2000,-1600
07/19/2025 08:10,SCH - PJ - NY,23316,232.51,2000,-1050
07/19/2025 08:10,SCH - PJM_HTP,325905,660,660,-660
07/19/2025 08:10,SCH - PJM_NEPTUNE,325305,660,660,-660
07/19/2025 08:10,SCH - PJM_VFT,325658,315,315,-315
07/19/2025 08:10,SPR/DUN-SOUTH,23320,2481.67,4600,-9999
07/19/2025 08:10,TOTAL EAST,23314,2452.85,7550,-9999
07/19/2025 08:10,UPNY CONED,23315,3006.93,6615,-9999
07/19/2025 08:10,WEST CENTRAL,23312,95.95,9999,-9999
07/19/2025 08:13,CENTRAL EAST - VC,23330,1441.78,3065,-9999
07/19/2025 08:13,DYSINGER EAST,23326,336.25,3200,-9999
07/19/2025 08:13,MOSES SOUTH,23319,-512.39,3150,-1600
07/19/2025 08:13,SCH - HQ - NY,23324,-832,1500,-980
07/19/2025 08:13,SCH - HQ_CEDARS,325274,0,270,-40
07/19/2025 08:13,SCH - HQ_IMPORT_EXPORT,325376,-832,1310,-9999
07/19/2025 08:13,SCH - NE - NY,23318,-592.09,1400,-1600
07/19/2025 08:13,SCH - NPX_1385,325277,-3,125,-125
07/19/2025 08:13,SCH - NPX_CSC,325154,330,330,-330
07/19/2025 08:13,SCH - OH - NY,23317,1301.76,2000,-1600
07/19/2025 08:13,SCH - PJ - NY,23316,231.75,2000,-1050
07/19/2025 08:13,SCH - PJM_HTP,325905,660,660,-660
07/19/2025 08:13,SCH - PJM_NEPTUNE,325305,660,660,-660
07/19/2025 08:13,SCH - PJM_VFT,325658,315,315,-315
07/19/2025 08:13,SPR/DUN-SOUTH,23320,2469.87,4600,-9999
07/19/2025 08:13,TOTAL EAST,23314,2464.7,7550,-9999
07/19/2025 08:13,UPNY CONED,23315,3075.32,6615,-9999
07/19/2025 08:13,WEST CENTRAL,23312,158.95,9999,-9999
07/19/2025 08:14,CENTRAL EAST - VC,23330,1430.33,3065,-9999
07/19/2025 08:14,DYSINGER EAST,23326,331.73,3200,-9999
07/19/2025 08:14,MOSES SOUTH,23319,-523.56,3150,-1600
07/19/2025 08:14,SCH - HQ - NY,23324,-832,1500,-980
07/19/2025 08:14,SCH - HQ_CEDARS,325274,0,270,-40
07/19/2025 08:14,SCH - HQ_IMPORT_EXPORT,325376,-832,1310,-9999
07/19/2025 08:14,SCH - NE - NY,23318,-582.09,1400,-1600
07/19/2025 08:14,SCH - NPX_1385,325277,-3,125,-125
07/19/2025 08:14,SCH - NPX_CSC,325154,330,330,-330
07/19/2025 08:14,SCH - OH - NY,23317,1301.79,2000,-1600
07/19/2025 08:14,SCH - PJ - NY,23316,231.71,2000,-1050
07/19/2025 08:14,SCH - PJM_HTP,325905,660,660,-660
07/19/2025 08:14,SCH - PJM_NEPTUNE,325305,660,660,-660
07/19/2025 08:14,SCH - PJM_VFT,325658,315,315,-315
07/19/2025 08:14,SPR/DUN-SOUTH,23320,2482.44,4600,-9999
07/19/2025 08:14,TOTAL EAST,23314,2471.84,7550,-9999
07/19/2025 08:14,UPNY CONED,23315,3089.84,6615,-9999
07/19/2025 08:14,WEST CENTRAL,23312,154.53,9999,-9999
07/19/2025 08:15,CENTRAL EAST - VC,23330,1390.29,3065,-9999
07/19/2025 08:15,DYSINGER EAST,23326,307.12,3200,-9999
07/19/2025 08:15,MOSES SOUTH,23319,-490.96,3150,-1600
07/19/2025 08:15,SCH - HQ - NY,23324,-832,1500,-980
07/19/2025 08:15,SCH - HQ_CEDARS,325274,0,270,-40
07/19/2025 08:15,SCH - HQ_IMPORT_EXPORT,325376,-832,1310,-9999
07/19/2025 08:15,SCH - NE - NY,23318,-572.1,1400,-1600
07/19/2025 08:15,SCH - NPX_1385,325277,-3,125,-125
07/19/2025 08:15,SCH - NPX_CSC,325154,330,330,-330
07/19/2025 08:15,SCH - OH - NY,23317,1301.77,2000,-1600
07/19/2025 08:15,SCH - PJ - NY,23316,232.63,2000,-1050
07/19/2025 08:15,SCH - PJM_HTP,325905,660,660,-660
07/19/2025 08:15,SCH - PJM_NEPTUNE,325305,660,660,-660
07/19/2025 08:15,SCH - PJM_VFT,325658,315,315,-315
07/19/2025 08:15,SPR/DUN-SOUTH,23320,2506.27,4600,-9999
07/19/2025 08:15,TOTAL EAST,23314,2481.07,7550,-9999
07/19/2025 08:15,UPNY CONED,23315,3072.08,6615,-9999
07/19/2025 08:15,WEST CENTRAL,23312,126.32,9999,-9999
07/19/2025 08:25,CENTRAL EAST - VC,23330,1415.26,3065,-9999
07/19/2025 08:25,DYSINGER EAST,23326,287,3200,-9999
07/19/2025 08:25,MOSES SOUTH,23319,-557.48,3150,-1600
07/19/2025 08:25,SCH - HQ - NY,23324,-832,1500,-980
07/19/2025 08:25,SCH - HQ_CEDARS,325274,0,270,-40
07/19/2025 08:25,SCH - HQ_IMPORT_EXPORT,325376,-832,1310,-9999
07/19/2025 08:25,SCH - NE - NY,23318,-522.1,1400,-1600
07/19/2025 08:25,SCH - NPX_1385,325277,-3,125,-125
07/19/2025 08:25,SCH - NPX_CSC,325154,330,330,-330
07/19/2025 08:25,SCH - OH - NY,23317,1302.13,2000,-1600
07/19/2025 08:25,SCH - PJ - NY,23316,231.4,2000,-1050
07/19/2025 08:25,SCH - PJM_HTP,325905,660,660,-660
07/19/2025 08:25,SCH - PJM_NEPTUNE,325305,660,660,-660
07/19/2025 08:25,SCH - PJM_VFT,325658,315,315,-315
07/19/2025 08:25,SPR/DUN-SOUTH,23320,2561.53,4600,-9999
07/19/2025 08:25,TOTAL EAST,23314,2494.83,7550,-9999
07/19/2025 08:25,UPNY CONED,23315,3192.4,6615,-9999
07/19/2025 08:25,WEST CENTRAL,23312,115.57,9999,-9999
07/19/2025 08:30,CENTRAL EAST - VC,23330,1434.43,3065,-9999
07/19/2025 08:30,DYSINGER EAST,23326,305.85,3200,-9999
07/19/2025 08:30,MOSES SOUTH,23319,-549.21,3150,-1600
07/19/2025 08:30,SCH - HQ - NY,23324,-832,1500,-980
07/19/2025 08:30,SCH - HQ_CEDARS,325274,0,270,-40
07/19/2025 08:30,SCH - HQ_IMPORT_EXPORT,325376,-832,1310,-9999
07/19/2025 08:30,SCH - NE - NY,23318,-522.09,1400,-1600
07/19/2025 08:30,SCH - NPX_1385,325277,-3,125,-125
07/19/2025 08:30,SCH - NPX_CSC,325154,330,330,-330
07/19/2025 08:30,SCH - OH - NY,23317,1302,2000,-1600
07/19/2025 08:30,SCH - PJ - NY,23316,232.55,2000,-1050
07/19/2025 08:30,SCH - PJM_HTP,325905,660,660,-660
07/19/2025 08:30,SCH - PJM_NEPTUNE,325305,660,660,-660
07/19/2025 08:30,SCH - PJM_VFT,325658,315,315,-315
07/19/2025 08:30,SPR/DUN-SOUTH,23320,2559.26,4600,-9999
07/19/2025 08:30,TOTAL EAST,23314,2491.19,7550,-9999
07/19/2025 08:30,UPNY CONED,23315,3210.53,6615,-9999
07/19/2025 08:30,WEST CENTRAL,23312,134.35,9999,-9999
07/19/2025 08:35,CENTRAL EAST - VC,23330,1377.7,3065,-9999
07/19/2025 08:35,DYSINGER EAST,23326,243.68,3200,-9999
07/19/2025 08:35,MOSES SOUTH,23319,-590.09,3150,-1600
07/19/2025 08:35,SCH - HQ - NY,23324,-832,1500,-980
07/19/2025 08:35,SCH - HQ_CEDARS,325274,0,270,-40
07/19/2025 08:35,SCH - HQ_IMPORT_EXPORT,325376,-832,1310,-9999
07/19/2025 08:35,SCH - NE - NY,23318,-522.09,1400,-1600
07/19/2025 08:35,SCH - NPX_1385,325277,-3,125,-125
07/19/2025 08:35,SCH - NPX_CSC,325154,330,330,-330
07/19/2025 08:35,SCH - OH - NY,23317,1302.54,2000,-1600
07/19/2025 08:35,SCH - PJ - NY,23316,230.96,2000,-1050
07/19/2025 08:35,SCH - PJM_HTP,325905,660,660,-660
07/19/2025 08:35,SCH - PJM_NEPTUNE,325305,660,660,-660
07/19/2025 08:35,SCH - PJM_VFT,325658,315,315,-315
07/19/2025 08:35,SPR/DUN-SOUTH,23320,2544.37,4600,-9999
07/19/2025 08:35,TOTAL EAST,23314,2486.6,7550,-9999
07/19/2025 08:35,UPNY CONED,23315,3191.77,6615,-9999
07/19/2025 08:35,WEST CENTRAL,23312,71.41,9999,-9999
07/19/2025 08:40,CENTRAL EAST - VC,23330,1384.3,3065,-9999
07/19/2025 08:40,DYSINGER EAST,23326,296.41,3200,-9999
07/19/2025 08:40,MOSES SOUTH,23319,-595.92,3150,-1600
07/19/2025 08:40,SCH - HQ - NY,23324,-832,1500,-980
07/19/2025 08:40,SCH - HQ_CEDARS,325274,0,270,-40
07/19/2025 08:40,SCH - HQ_IMPORT_EXPORT,325376,-832,1310,-9999
07/19/2025 08:40,SCH - NE - NY,23318,-522.09,1400,-1600
07/19/2025 08:40,SCH - NPX_1385,325277,-3,125,-125
07/19/2025 08:40,SCH - NPX_CSC,325154,330,330,-330
07/19/2025 08:40,SCH - OH - NY,23317,1302.33,2000,-1600
07/19/2025 08:40,SCH - PJ - NY,23316,228.16,2000,-1050
07/19/2025 08:40,SCH - PJM_HTP,325905,660,660,-660
07/19/2025 08:40,SCH - PJM_NEPTUNE,325305,660,660,-660
07/19/2025 08:40,SCH - PJM_VFT,325658,315,315,-315
07/19/2025 08:40,SPR/DUN-SOUTH,23320,2595.53,4600,-9999
07/19/2025 08:40,TOTAL EAST,23314,2529.95,7550,-9999
07/19/2025 08:40,UPNY CONED,23315,3238.98,6615,-9999
07/19/2025 08:40,WEST CENTRAL,23312,125.87,9999,-9999
07/19/2025 08:45,CENTRAL EAST - VC,23330,1369.22,3065,-9999
07/19/2025 08:45,DYSINGER EAST,23326,240.43,3200,-9999
07/19/2025 08:45,MOSES SOUTH,23319,-579.54,3150,-1600
07/19/2025 08:45,SCH - HQ - NY,23324,-832,1500,-980
07/19/2025 08:45,SCH - HQ_CEDARS,325274,0,270,-40
07/19/2025 08:45,SCH - HQ_IMPORT_EXPORT,325376,-832,1310,-9999
07/19/2025 08:45,SCH - NE - NY,23318,-522.09,1400,-1600
07/19/2025 08:45,SCH - NPX_1385,325277,-3,125,-125
07/19/2025 08:45,SCH - NPX_CSC,325154,330,330,-330
07/19/2025 08:45,SCH - OH - NY,23317,1302.33,2000,-1600
07/19/2025 08:45,SCH - PJ - NY,23316,233.11,2000,-1050
07/19/2025 08:45,SCH - PJM_HTP,325905,660,660,-660
07/19/2025 08:45,SCH - PJM_NEPTUNE,325305,660,660,-660
07/19/2025 08:45,SCH - PJM_VFT,325658,315,315,-315
07/19/2025 08:45,SPR/DUN-SOUTH,23320,2573.22,4600,-9999
07/19/2025 08:45,TOTAL EAST,23314,2508.65,7550,-9999
07/19/2025 08:45,UPNY CONED,23315,3220.88,6615,-9999
07/19/2025 08:45,WEST CENTRAL,23312,70,9999,-9999
07/19/2025 08:50,CENTRAL EAST - VC,23330,1372.26,3065,-9999
07/19/2025 08:50,DYSINGER EAST,23326,233.05,3200,-9999
07/19/2025 08:50,MOSES SOUTH,23319,-594.07,3150,-1600
07/19/2025 08:50,SCH - HQ - NY,23324,-832,1500,-980
07/19/2025 08:50,SCH - HQ_CEDARS,325274,0,270,-40
07/19/2025 08:50,SCH - HQ_IMPORT_EXPORT,325376,-832,1310,-9999
07/19/2025 08:50,SCH - NE - NY,23318,-522.1,1400,-1600
07/19/2025 08:50,SCH - NPX_1385,325277,-3,125,-125
07/19/2025 08:50,SCH - NPX_CSC,325154,330,330,-330
07/19/2025 08:50,SCH - OH - NY,23317,1302.42,2000,-1600
07/19/2025 08:50,SCH - PJ - NY,23316,233.03,2000,-1050
07/19/2025 08:50,SCH - PJM_HTP,325905,660,660,-660
07/19/2025 08:50,SCH - PJM_NEPTUNE,325305,660,660,-660
07/19/2025 08:50,SCH - PJM_VFT,325658,315,315,-315
07/19/2025 08:50,SPR/DUN-SOUTH,23320,2601.72,4600,-9999
07/19/2025 08:50,TOTAL EAST,23314,2537.76,7550,-9999
07/19/2025 08:50,UPNY CONED,23315,3282.9,6615,-9999
07/19/2025 08:50,WEST CENTRAL,23312,65.55,9999,-9999
07/19/2025 08:55,CENTRAL EAST - VC,23330,1405.33,3065,-9999
07/19/2025 08:55,DYSINGER EAST,23326,300.18,3200,-9999
07/19/2025 08:55,MOSES SOUTH,23319,-598.12,3150,-1600
07/19/2025 08:55,SCH - HQ - NY,23324,-832,1500,-980
07/19/2025 08:55,SCH - HQ_CEDARS,325274,0,270,-40
07/19/2025 08:55,SCH - HQ_IMPORT_EXPORT,325376,-832,1310,-9999
07/19/2025 08:55,SCH - NE - NY,23318,-522.09,1400,-1600
07/19/2025 08:55,SCH - NPX_1385,325277,-3,125,-125
07/19/2025 08:55,SCH - NPX_CSC,325154,330,330,-330
07/19/2025 08:55,SCH - OH - NY,23317,1302.42,2000,-1600
07/19/2025 08:55,SCH - PJ - NY,23316,231.09,2000,-1050
07/19/2025 08:55,SCH - PJM_HTP,325905,660,660,-660
07/19/2025 08:55,SCH - PJM_NEPTUNE,325305,660,660,-660
07/19/2025 08:55,SCH - PJM_VFT,325658,315,315,-315
07/19/2025 08:55,SPR/DUN-SOUTH,23320,2642.47,4600,-9999
07/19/2025 08:55,TOTAL EAST,23314,2603.09,7550,-9999
07/19/2025 08:55,UPNY CONED,23315,3369.92,6615,-9999
07/19/2025 08:55,WEST CENTRAL,23312,132.51,9999,-9999
07/19/2025 09:00,CENTRAL EAST - VC,23330,1300.99,3065,-9999
07/19/2025 09:00,DYSINGER EAST,23326,187.4,3200,-9999
07/19/2025 09:00,MOSES SOUTH,23319,-591.34,3150,-1600
07/19/2025 09:00,SCH - HQ - NY,23324,-801,1500,-980
07/19/2025 09:00,SCH - HQ_CEDARS,325274,-20,270,-40
07/19/2025 09:00,SCH - HQ_IMPORT_EXPORT,325376,-801,1310,-9999
07/19/2025 09:00,SCH - NE - NY,23318,-391.11,1400,-1600
07/19/2025 09:00,SCH - NPX_1385,325277,-8,125,-125
07/19/2025 09:00,SCH - NPX_CSC,325154,330,330,-330
07/19/2025 09:00,SCH - OH - NY,23317,1022.35,2000,-1600
07/19/2025 09:00,SCH - PJ - NY,23316,218.02,2000,-1050
07/19/2025 09:00,SCH - PJM_HTP,325905,660,660,-660
07/19/2025 09:00,SCH - PJM_NEPTUNE,325305,660,660,-660
07/19/2025 09:00,SCH - PJM_VFT,325658,315,315,-315
07/19/2025 09:00,SPR/DUN-SOUTH,23320,2629.43,4600,-9999
07/19/2025 09:00,TOTAL EAST,23314,2469.82,7550,-9999
07/19/2025 09:00,UPNY CONED,23315,3367.42,6615,-9999
07/19/2025 09:00,WEST CENTRAL,23312,19.74,9999,-9999
07/19/2025 09:05,CENTRAL EAST - VC,23330,1107.18,3065,-9999
07/19/2025 09:05,DYSINGER EAST,23326,-113.32,3200,-9999
07/19/2025 09:05,MOSES SOUTH,23319,-603.12,3150,-1600
07/19/2025 09:05,SCH - HQ - NY,23324,-770,1500,-980
07/19/2025 09:05,SCH - HQ_CEDARS,325274,-40,270,-40
07/19/2025 09:05,SCH - HQ_IMPORT_EXPORT,325376,-770,1310,-9999
07/19/2025 09:05,SCH - NE - NY,23318,-260.74,1400,-1600
07/19/2025 09:05,SCH - NPX_1385,325277,-13,125,-125
07/19/2025 09:05,SCH - NPX_CSC,325154,330,330,-330
07/19/2025 09:05,SCH - OH - NY,23317,742.61,2000,-1600
07/19/2025 09:05,SCH - PJ - NY,23316,206.76,2000,-1050
07/19/2025 09:05,SCH - PJM_HTP,325905,660,660,-660
07/19/2025 09:05,SCH - PJM_NEPTUNE,325305,660,660,-660
07/19/2025 09:05,SCH - PJM_VFT,325658,315,315,-315
07/19/2025 09:05,SPR/DUN-SOUTH,23320,2465.8,4600,-9999
07/19/2025 09:05,TOTAL EAST,23314,2202.18,7550,-9999
07/19/2025 09:05,UPNY CONED,23315,3212.47,6615,-9999
07/19/2025 09:05,WEST CENTRAL,23312,-284.25,9999,-9999
07/19/2025 09:10,CENTRAL EAST - VC,23330,1132.39,3065,-9999
07/19/2025 09:10,DYSINGER EAST,23326,-81.34,3200,-9999
07/19/2025 09:10,MOSES SOUTH,23319,-652.83,3150,-1600
07/19/2025 09:10,SCH - HQ - NY,23324,-770,1500,-980
07/19/2025 09:10,SCH - HQ_CEDARS,325274,-40,270,-40
07/19/2025 09:10,SCH - HQ_IMPORT_EXPORT,325376,-770,1310,-9999
07/19/2025 09:10,SCH - NE - NY,23318,-265.57,1400,-1600
07/19/2025 09:10,SCH - NPX_1385,325277,-13,125,-125
07/19/2025 09:10,SCH - NPX_CSC,325154,330,330,-330
07/19/2025 09:10,SCH - OH - NY,23317,742.57,2000,-1600
07/19/2025 09:10,SCH - PJ - NY,23316,213.27,2000,-1050
07/19/2025 09:10,SCH - PJM_HTP,325905,660,660,-660
07/19/2025 09:10,SCH - PJM_NEPTUNE,325305,660,660,-660
07/19/2025 09:10,SCH - PJM_VFT,325658,315,315,-315
07/19/2025 09:10,SPR/DUN-SOUTH,23320,2435.42,4600,-9999
07/19/2025 09:10,TOTAL EAST,23314,2175.18,7550,-9999
07/19/2025 09:10,UPNY CONED,23315,3211.09,6615,-9999
07/19/2025 09:10,WEST CENTRAL,23312,-251.89,9999,-9999
07/19/2025 09:15,CENTRAL EAST - VC,23330,1217.72,3065,-9999
07/19/2025 09:15,DYSINGER EAST,23326,113.55,3200,-9999
07/19/2025 09:15,MOSES SOUTH,23319,-689,3150,-1600
07/19/2025 09:15,SCH - HQ - NY,23324,-770,1500,-980
07/19/2025 09:15,SCH - HQ_CEDARS,325274,-40,270,-40
07/19/2025 09:15,SCH - HQ_IMPORT_EXPORT,325376,-770,1310,-9999
07/19/2025 09:15,SCH - NE - NY,23318,-260.75,1400,-1600
07/19/2025 09:15,SCH - NPX_1385,325277,-13,125,-125
07/19/2025 09:15,SCH - NPX_CSC,325154,330,330,-330
07/19/2025 09:15,SCH - OH - NY,23317,741.61,2000,-1600
07/19/2025 09:15,SCH - PJ - NY,23316,214.56,2000,-1050
07/19/2025 09:15,SCH - PJM_HTP,325905,660,660,-660
07/19/2025 09:15,SCH - PJM_NEPTUNE,325305,660,660,-660
07/19/2025 09:15,SCH - PJM_VFT,325658,315,315,-315
07/19/2025 09:15,SPR/DUN-SOUTH,23320,2482.2,4600,-9999
07/19/2025 09:15,TOTAL EAST,23314,2188.22,7550,-9999
07/19/2025 09:15,UPNY CONED,23315,3269.95,6615,-9999
07/19/2025 09:15,WEST CENTRAL,23312,-59.77,9999,-9999
07/19/2025 09:20,CENTRAL EAST - VC,23330,1221.97,3065,-9999
07/19/2025 09:20,DYSINGER EAST,23326,177.46,3200,-9999
07/19/2025 09:20,MOSES SOUTH,23319,-706.19,3150,-1600
07/19/2025 09:20,SCH - HQ - NY,23324,-770,1500,-980
07/19/2025 09:20,SCH - HQ_CEDARS,325274,-40,270,-40
07/19/2025 09:20,SCH - HQ_IMPORT_EXPORT,325376,-770,1310,-9999
07/19/2025 09:20,SCH - NE - NY,23318,-255.47,1400,-1600
07/19/2025 09:20,SCH - NPX_1385,325277,-13,125,-125
07/19/2025 09:20,SCH - NPX_CSC,325154,330,330,-330
07/19/2025 09:20,SCH - OH - NY,23317,741.63,2000,-1600
07/19/2025 09:20,SCH - PJ - NY,23316,215.23,2000,-1050
07/19/2025 09:20,SCH - PJM_HTP,325905,660,660,-660
07/19/2025 09:20,SCH - PJM_NEPTUNE,325305,660,660,-660
07/19/2025 09:20,SCH - PJM_VFT,325658,315,315,-315
07/19/2025 09:20,SPR/DUN-SOUTH,23320,2516.62,4600,-9999
07/19/2025 09:20,TOTAL EAST,23314,2227.98,7550,-9999
07/19/2025 09:20,UPNY CONED,23315,3321.99,6615,-9999
07/19/2025 09:20,WEST CENTRAL,23312,3.22,9999,-9999
07/19/2025 09:25,CENTRAL EAST - VC,23330,1200.69,3065,-9999
07/19/2025 09:25,DYSINGER EAST,23326,168.01,3200,-9999
07/19/2025 09:25,MOSES SOUTH,23319,-724.57,3150,-1600
07/19/2025 09:25,SCH - HQ - NY,23324,-770,1500,-980
07/19/2025 09:25,SCH - HQ_CEDARS,325274,-40,270,-40
07/19/2025 09:25,SCH - HQ_IMPORT_EXPORT,325376,-770,1310,-9999
07/19/2025 09:25,SCH - NE - NY,23318,-255.68,1400,-1600
07/19/2025 09:25,SCH - NPX_1385,325277,-13,125,-125
07/19/2025 09:25,SCH - NPX_CSC,325154,330,330,-330
07/19/2025 09:25,SCH - OH - NY,23317,741.68,2000,-1600
07/19/2025 09:25,SCH - PJ - NY,23316,214.35,2000,-1050
07/19/2025 09:25,SCH - PJM_HTP,325905,660,660,-660
07/19/2025 09:25,SCH - PJM_NEPTUNE,325305,660,660,-660
07/19/2025 09:25,SCH - PJM_VFT,325658,315,315,-315
07/19/2025 09:25,SPR/DUN-SOUTH,23320,2519.78,4600,-9999
07/19/2025 09:25,TOTAL EAST,23314,2222.73,7550,-9999
07/19/2025 09:25,UPNY CONED,23315,3341.58,6615,-9999
07/19/2025 09:25,WEST CENTRAL,23312,-14.19,9999,-9999
07/19/2025 09:30,CENTRAL EAST - VC,23330,1185.8,3065,-9999
07/19/2025 09:30,DYSINGER EAST,23326,170.36,3200,-9999
07/19/2025 09:30,MOSES SOUTH,23319,-739.86,3150,-1600
07/19/2025 09:30,SCH - HQ - NY,23324,-770,1500,-980
07/19/2025 09:30,SCH - HQ_CEDARS,325274,-40,270,-40
07/19/2025 09:30,SCH - HQ_IMPORT_EXPORT,325376,-770,1310,-9999
07/19/2025 09:30,SCH - NE - NY,23318,-227.48,1400,-1600
07/19/2025 09:30,SCH - NPX_1385,325277,-13,125,-125
07/19/2025 09:30,SCH - NPX_CSC,325154,330,330,-330
07/19/2025 09:30,SCH - OH - NY,23317,741.58,2000,-1600
07/19/2025 09:30,SCH - PJ - NY,23316,216.23,2000,-1050
07/19/2025 09:30,SCH - PJM_HTP,325905,660,660,-660
07/19/2025 09:30,SCH - PJM_NEPTUNE,325305,660,660,-660
07/19/2025 09:30,SCH - PJM_VFT,325658,315,315,-315
07/19/2025 09:30,SPR/DUN-SOUTH,23320,2513.82,4600,-9999
07/19/2025 09:30,TOTAL EAST,23314,2188.41,7550,-9999
07/19/2025 09:30,UPNY CONED,23315,3359.99,6615,-9999
07/19/2025 09:30,WEST CENTRAL,23312,-15.85,9999,-9999
07/19/2025 09:35,CENTRAL EAST - VC,23330,1131.81,3065,-9999
07/19/2025 09:35,DYSINGER EAST,23326,146.72,3200,-9999
07/19/2025 09:35,MOSES SOUTH,23319,-739.58,3150,-1600
07/19/2025 09:35,SCH - HQ - NY,23324,-770,1500,-980
07/19/2025 09:35,SCH - HQ_CEDARS,325274,-40,270,-40
07/19/2025 09:35,SCH - HQ_IMPORT_EXPORT,325376,-770,1310,-9999
07/19/2025 09:35,SCH - NE - NY,23318,-200.36,1400,-1600
07/19/2025 09:35,SCH - NPX_1385,325277,-13,125,-125
07/19/2025 09:35,SCH - NPX_CSC,325154,330,330,-330
07/19/2025 09:35,SCH - OH - NY,23317,741.57,2000,-1600
07/19/2025 09:35,SCH - PJ - NY,23316,217,2000,-1050
07/19/2025 09:35,SCH - PJM_HTP,325905,660,660,-660
07/19/2025 09:35,SCH - PJM_NEPTUNE,325305,660,660,-660
07/19/2025 09:35,SCH - PJM_VFT,325658,315,315,-315
07/19/2025 09:35,SPR/DUN-SOUTH,23320,2497.48,4600,-9999
07/19/2025 09:35,TOTAL EAST,23314,2174.59,7550,-9999
07/19/2025 09:35,UPNY CONED,23315,3364.63,6615,-9999
07/19/2025 09:35,WEST CENTRAL,23312,-39.65,9999,-9999
07/19/2025 09:40,CENTRAL EAST - VC,23330,1112.25,3065,-9999
07/19/2025 09:40,DYSINGER EAST,23326,97.17,3200,-9999
07/19/2025 09:40,MOSES SOUTH,23319,-750.86,3150,-1600
07/19/2025 09:40,SCH - HQ - NY,23324,-770,1500,-980
07/19/2025 09:40,SCH - HQ_CEDARS,325274,-40,270,-40
07/19/2025 09:40,SCH - HQ_IMPORT_EXPORT,325376,-770,1310,-9999
07/19/2025 09:40,SCH - NE - NY,23318,-200.07,1400,-1600
07/19/2025 09:40,SCH - NPX_1385,325277,-13,125,-125
07/19/2025 09:40,SCH - NPX_CSC,325154,330,330,-330
07/19/2025 09:40,SCH - OH - NY,23317,741.81,2000,-1600
07/19/2025 09:40,SCH - PJ - NY,23316,214.42,2000,-1050
07/19/2025 09:40,SCH - PJM_HTP,325905,660,660,-660
07/19/2025 09:40,SCH - PJM_NEPTUNE,325305,660,660,-660
07/19/2025 09:40,SCH - PJM_VFT,325658,315,315,-315
07/19/2025 09:40,SPR/DUN-SOUTH,23320,2485.5,4600,-9999
07/19/2025 09:40,TOTAL EAST,23314,2176.81,7550,-9999
07/19/2025 09:40,UPNY CONED,23315,3375.44,6615,-9999
07/19/2025 09:40,WEST CENTRAL,23312,-88.3,9999,-9999
07/19/2025 09:45,CENTRAL EAST - VC,23330,1090.1,3065,-9999
07/19/2025 09:45,DYSINGER EAST,23326,76.35,3200,-9999
07/19/2025 09:45,MOSES SOUTH,23319,-738.96,3150,-1600
07/19/2025 09:45,SCH - HQ - NY,23324,-770,1500,-980
07/19/2025 09:45,SCH - HQ_CEDARS,325274,-40,270,-40
07/19/2025 09:45,SCH - HQ_IMPORT_EXPORT,325376,-770,1310,-9999
07/19/2025 09:45,SCH - NE - NY,23318,-130.99,1400,-1600
07/19/2025 09:45,SCH - NPX_1385,325277,-13,125,-125
07/19/2025 09:45,SCH - NPX_CSC,325154,330,330,-330
07/19/2025 09:45,SCH - OH - NY,23317,741.89,2000,-1600
07/19/2025 09:45,SCH - PJ - NY,23316,214.24,2000,-1050
07/19/2025 09:45,SCH - PJM_HTP,325905,660,660,-660
07/19/2025 09:45,SCH - PJM_NEPTUNE,325305,660,660,-660
07/19/2025 09:45,SCH - PJM_VFT,325658,315,315,-315
07/19/2025 09:45,SPR/DUN-SOUTH,23320,2511.72,4600,-9999
07/19/2025 09:45,TOTAL EAST,23314,2175.96,7550,-9999
07/19/2025 09:45,UPNY CONED,23315,3497.86,6615,-9999
07/19/2025 09:45,WEST CENTRAL,23312,-113.3,9999,-9999
07/19/2025 09:50,CENTRAL EAST - VC,23330,1068.35,3065,-9999
07/19/2025 09:50,DYSINGER EAST,23326,63.24,3200,-9999
07/19/2025 09:50,MOSES SOUTH,23319,-753.04,3150,-1600
07/19/2025 09:50,SCH - HQ - NY,23324,-770,1500,-980
07/19/2025 09:50,SCH - HQ_CEDARS,325274,-40,270,-40
07/19/2025 09:50,SCH - HQ_IMPORT_EXPORT,325376,-770,1310,-9999
07/19/2025 09:50,SCH - NE - NY,23318,-62.59,1400,-1600
07/19/2025 09:50,SCH - NPX_1385,325277,-13,125,-125
07/19/2025 09:50,SCH - NPX_CSC,325154,330,330,-330
07/19/2025 09:50,SCH - OH - NY,23317,741.95,2000,-1600
07/19/2025 09:50,SCH - PJ - NY,23316,215.71,2000,-1050
07/19/2025 09:50,SCH - PJM_HTP,325905,660,660,-660
07/19/2025 09:50,SCH - PJM_NEPTUNE,325305,660,660,-660
07/19/2025 09:50,SCH - PJM_VFT,325658,315,315,-315
07/19/2025 09:50,SPR/DUN-SOUTH,23320,2511.79,4600,-9999
07/19/2025 09:50,TOTAL EAST,23314,2173.28,7550,-9999
07/19/2025 09:50,UPNY CONED,23315,3614.37,6615,-9999
07/19/2025 09:50,WEST CENTRAL,23312,-128.36,9999,-9999
07/19/2025 09:55,CENTRAL EAST - VC,23330,1104.73,3065,-9999
07/19/2025 09:55,DYSINGER EAST,23326,111.78,3200,-9999
07/19/2025 09:55,MOSES SOUTH,23319,-731.78,3150,-1600
07/19/2025 09:55,SCH - HQ - NY,23324,-770,1500,-980
07/19/2025 09:55,SCH - HQ_CEDARS,325274,-40,270,-40
07/19/2025 09:55,SCH - HQ_IMPORT_EXPORT,325376,-770,1310,-9999
07/19/2025 09:55,SCH - NE - NY,23318,-62.65,1400,-1600
07/19/2025 09:55,SCH - NPX_1385,325277,-13,125,-125
07/19/2025 09:55,SCH - NPX_CSC,325154,330,330,-330
07/19/2025 09:55,SCH - OH - NY,23317,741.95,2000,-1600
07/19/2025 09:55,SCH - PJ - NY,23316,210.87,2000,-1050
07/19/2025 09:55,SCH - PJM_HTP,325905,660,660,-660
07/19/2025 09:55,SCH - PJM_NEPTUNE,325305,660,660,-660
07/19/2025 09:55,SCH - PJM_VFT,325658,315,315,-315
07/19/2025 09:55,SPR/DUN-SOUTH,23320,2487.03,4600,-9999
07/19/2025 09:55,TOTAL EAST,23314,2228.98,7550,-9999
07/19/2025 09:55,UPNY CONED,23315,3701.8,6615,-9999
07/19/2025 09:55,WEST CENTRAL,23312,-82.65,9999,-9999
07/19/2025 10:00,CENTRAL EAST - VC,23330,1186.25,3065,-9999
07/19/2025 10:00,DYSINGER EAST,23326,295.77,3200,-9999
07/19/2025 10:00,MOSES SOUTH,23319,-694.53,3150,-1600
07/19/2025 10:00,SCH - HQ - NY,23324,-770,1500,-980
07/19/2025 10:00,SCH - HQ_CEDARS,325274,-40,270,-40
07/19/2025 10:00,SCH - HQ_IMPORT_EXPORT,325376,-770,1310,-9999
07/19/2025 10:00,SCH - NE - NY,23318,3.78,1400,-1600
07/19/2025 10:00,SCH - NPX_1385,325277,35,125,-125
07/19/2025 10:00,SCH - NPX_CSC,325154,330,330,-330
07/19/2025 10:00,SCH - OH - NY,23317,806.04,2000,-1600
07/19/2025 10:00,SCH - PJ - NY,23316,120.3,2000,-1050
07/19/2025 10:00,SCH - PJM_HTP,325905,600,660,-660
07/19/2025 10:00,SCH - PJM_NEPTUNE,325305,660,660,-660
07/19/2025 10:00,SCH - PJM_VFT,325658,315,315,-315
07/19/2025 10:00,SPR/DUN-SOUTH,23320,2640.99,4600,-9999
07/19/2025 10:00,TOTAL EAST,23314,2387.48,7550,-9999
07/19/2025 10:00,UPNY CONED,23315,3936.89,6615,-9999
07/19/2025 10:00,WEST CENTRAL,23312,98.3,9999,-9999
07/19/2025 10:05,CENTRAL EAST - VC,23330,1175.77,3065,-9999
07/19/2025 10:05,DYSINGER EAST,23326,339.64,3200,-9999
07/19/2025 10:05,MOSES SOUTH,23319,-695.05,3150,-1600
07/19/2025 10:05,SCH - HQ - NY,23324,-770,1500,-980
07/19/2025 10:05,SCH - HQ_CEDARS,325274,-40,270,-40
07/19/2025 10:05,SCH - HQ_IMPORT_EXPORT,325376,-770,1310,-9999
07/19/2025 10:05,SCH - NE - NY,23318,70.26,1400,-1600
07/19/2025 10:05,SCH - NPX_1385,325277,82,125,-125
07/19/2025 10:05,SCH - NPX_CSC,325154,330,330,-330
07/19/2025 10:05,SCH - OH - NY,23317,869.95,2000,-1600
07/19/2025 10:05,SCH - PJ - NY,23316,30.76,2000,-1050
07/19/2025 10:05,SCH - PJM_HTP,325905,540,660,-660
07/19/2025 10:05,SCH - PJM_NEPTUNE,325305,660,660,-660
07/19/2025 10:05,SCH - PJM_VFT,325658,315,315,-315
07/19/2025 10:05,SPR/DUN-SOUTH,23320,2709.48,4600,-9999
07/19/2025 10:05,TOTAL EAST,23314,2350.15,7550,-9999
07/19/2025 10:05,UPNY CONED,23315,4072.49,6615,-9999
07/19/2025 10:05,WEST CENTRAL,23312,143.8,9999,-9999
07/19/2025 10:10,CENTRAL EAST - VC,23330,1194.17,3065,-9999
07/19/2025 10:10,DYSINGER EAST,23326,339.43,3200,-9999
07/19/2025 10:10,MOSES SOUTH,23319,-673.42,3150,-1600
07/19/2025 10:10,SCH - HQ - NY,23324,-770,1500,-980
07/19/2025 10:10,SCH - HQ_CEDARS,325274,-40,270,-40
07/19/2025 10:10,SCH - HQ_IMPORT_EXPORT,325376,-770,1310,-9999
07/19/2025 10:10,SCH - NE - NY,23318,69.47,1400,-1600
07/19/2025 10:10,SCH - NPX_1385,325277,82,125,-125
07/19/2025 10:10,SCH - NPX_CSC,325154,330,330,-330
07/19/2025 10:10,SCH - OH - NY,23317,869.69,2000,-1600
07/19/2025 10:10,SCH - PJ - NY,23316,34.99,2000,-1050
07/19/2025 10:10,SCH - PJM_HTP,325905,540,660,-660
07/19/2025 10:10,SCH - PJM_NEPTUNE,325305,660,660,-660
07/19/2025 10:10,SCH - PJM_VFT,325658,315,315,-315
07/19/2025 10:10,SPR/DUN-SOUTH,23320,2673.92,4600,-9999
07/19/2025 10:10,TOTAL EAST,23314,2373.01,7550,-9999
07/19/2025 10:10,UPNY CONED,23315,4130.58,6615,-9999
07/19/2025 10:10,WEST CENTRAL,23312,142.18,9999,-9999
07/19/2025 10:15,CENTRAL EAST - VC,23330,1213.42,3065,-9999
07/19/2025 10:15,DYSINGER EAST,23326,258.63,3200,-9999
07/19/2025 10:15,MOSES SOUTH,23319,-615.21,3150,-1600
07/19/2025 10:15,SCH - HQ - NY,23324,-770,1500,-980
07/19/2025 10:15,SCH - HQ_CEDARS,325274,-40,270,-40
07/19/2025 10:15,SCH - HQ_IMPORT_EXPORT,325376,-770,1310,-9999
07/19/2025 10:15,SCH - NE - NY,23318,134.16,1400,-1600
07/19/2025 10:15,SCH - NPX_1385,325277,82,125,-125
07/19/2025 10:15,SCH - NPX_CSC,325154,330,330,-330
07/19/2025 10:15,SCH - OH - NY,23317,869.91,2000,-1600
07/19/2025 10:15,SCH - PJ - NY,23316,35.22,2000,-1050
07/19/2025 10:15,SCH - PJM_HTP,325905,540,660,-660
07/19/2025 10:15,SCH - PJM_NEPTUNE,325305,660,660,-660
07/19/2025 10:15,SCH - PJM_VFT,325658,315,315,-315
07/19/2025 10:15,SPR/DUN-SOUTH,23320,2687.61,4600,-9999
07/19/2025 10:15,TOTAL EAST,23314,2374.34,7550,-9999
07/19/2025 10:15,UPNY CONED,23315,4196.5,6615,-9999
07/19/2025 10:15,WEST CENTRAL,23312,60.79,9999,-9999
07/19/2025 10:20,CENTRAL EAST - VC,23330,1165.52,3065,-9999
07/19/2025 10:20,DYSINGER EAST,23326,217.54,3200,-9999
07/19/2025 10:20,MOSES SOUTH,23319,-629.79,3150,-1600
07/19/2025 10:20,SCH - HQ - NY,23324,-770,1500,-980
07/19/2025 10:20,SCH - HQ_CEDARS,325274,-40,270,-40
07/19/2025 10:20,SCH - HQ_IMPORT_EXPORT,325376,-770,1310,-9999
07/19/2025 10:20,SCH - NE - NY,23318,199.63,1400,-1600
07/19/2025 10:20,SCH - NPX_1385,325277,82,125,-125
07/19/2025 10:20,SCH - NPX_CSC,325154,330,330,-330
07/19/2025 10:20,SCH - OH - NY,23317,870.2,2000,-1600
07/19/2025 10:20,SCH - PJ - NY,23316,29.39,2000,-1050
07/19/2025 10:20,SCH - PJM_HTP,325905,540,660,-660
07/19/2025 10:20,SCH - PJM_NEPTUNE,325305,660,660,-660
07/19/2025 10:20,SCH - PJM_VFT,325658,315,315,-315
07/19/2025 10:20,SPR/DUN-SOUTH,23320,2675.68,4600,-9999
07/19/2025 10:20,TOTAL EAST,23314,2309.29,7550,-9999
07/19/2025 10:20,UPNY CONED,23315,4199.55,6615,-9999
07/19/2025 10:20,WEST CENTRAL,23312,21.09,9999,-9999
07/19/2025 10:25,CENTRAL EAST - VC,23330,1165.2,3065,-9999
07/19/2025 10:25,DYSINGER EAST,23326,238.32,3200,-9999
07/19/2025 10:25,MOSES SOUTH,23319,-634.7,3150,-1600
07/19/2025 10:25,SCH - HQ - NY,23324,-770,1500,-980
07/19/2025 10:25,SCH - HQ_CEDARS,325274,-40,270,-40
07/19/2025 10:25,SCH - HQ_IMPORT_EXPORT,325376,-770,1310,-9999
07/19/2025 10:25,SCH - NE - NY,23318,199.56,1400,-1600
07/19/2025 10:25,SCH - NPX_1385,325277,82,125,-125
07/19/2025 10:25,SCH - NPX_CSC,325154,330,330,-330
07/19/2025 10:25,SCH - OH - NY,23317,870.43,2000,-1600
07/19/2025 10:25,SCH - PJ - NY,23316,31.18,2000,-1050
07/19/2025 10:25,SCH - PJM_HTP,325905,540,660,-660
07/19/2025 10:25,SCH - PJM_NEPTUNE,325305,660,660,-660
07/19/2025 10:25,SCH - PJM_VFT,325658,315,315,-315
07/19/2025 10:25,SPR/DUN-SOUTH,23320,2648.31,4600,-9999
07/19/2025 10:25,TOTAL EAST,23314,2352.69,7550,-9999
07/19/2025 10:25,UPNY CONED,23315,4199.52,6615,-9999
07/19/2025 10:25,WEST CENTRAL,23312,44.79,9999,-9999
07/19/2025 10:30,CENTRAL EAST - VC,23330,1183.77,3065,-9999
07/19/2025 10:30,DYSINGER EAST,23326,254.74,3200,-9999
07/19/2025 10:30,MOSES SOUTH,23319,-683.5,3150,-1600
07/19/2025 10:30,SCH - HQ - NY,23324,-770,1500,-980
07/19/2025 10:30,SCH - HQ_CEDARS,325274,-40,270,-40
07/19/2025 10:30,SCH - HQ_IMPORT_EXPORT,325376,-770,1310,-9999
07/19/2025 10:30,SCH - NE - NY,23318,209.81,1400,-1600
07/19/2025 10:30,SCH - NPX_1385,325277,82,125,-125
07/19/2025 10:30,SCH - NPX_CSC,325154,330,330,-330
07/19/2025 10:30,SCH - OH - NY,23317,870.69,2000,-1600
07/19/2025 10:30,SCH - PJ - NY,23316,33.84,2000,-1050
07/19/2025 10:30,SCH - PJM_HTP,325905,540,660,-660
07/19/2025 10:30,SCH - PJM_NEPTUNE,325305,660,660,-660
07/19/2025 10:30,SCH - PJM_VFT,325658,315,315,-315
07/19/2025 10:30,SPR/DUN-SOUTH,23320,2661.7,4600,-9999
07/19/2025 10:30,TOTAL EAST,23314,2398.22,7550,-9999
07/19/2025 10:30,UPNY CONED,23315,4252.72,6615,-9999
07/19/2025 10:30,WEST CENTRAL,23312,57.34,9999,-9999
07/19/2025 10:35,CENTRAL EAST - VC,23330,1270.42,3065,-9999
07/19/2025 10:35,DYSINGER EAST,23326,266.63,3200,-9999
07/19/2025 10:35,MOSES SOUTH,23319,-588.7,3150,-1600
07/19/2025 10:35,SCH - HQ - NY,23324,-770,1500,-980
07/19/2025 10:35,SCH - HQ_CEDARS,325274,-40,270,-40
07/19/2025 10:35,SCH - HQ_IMPORT_EXPORT,325376,-770,1310,-9999
07/19/2025 10:35,SCH - NE - NY,23318,221.93,1400,-1600
07/19/2025 10:35,SCH - NPX_1385,325277,82,125,-125
07/19/2025 10:35,SCH - NPX_CSC,325154,330,330,-330
07/19/2025 10:35,SCH - OH - NY,23317,870.01,2000,-1600
07/19/2025 10:35,SCH - PJ - NY,23316,35.62,2000,-1050
07/19/2025 10:35,SCH - PJM_HTP,325905,540,660,-660
07/19/2025 10:35,SCH - PJM_NEPTUNE,325305,660,660,-660
07/19/2025 10:35,SCH - PJM_VFT,325658,315,315,-315
07/19/2025 10:35,SPR/DUN-SOUTH,23320,2678.74,4600,-9999
07/19/2025 10:35,TOTAL EAST,23314,2374.74,7550,-9999
07/19/2025 10:35,UPNY CONED,23315,4301.83,6615,-9999
07/19/2025 10:35,WEST CENTRAL,23312,65.18,9999,-9999
07/19/2025 10:40,CENTRAL EAST - VC,23330,1298.13,3065,-9999
07/19/2025 10:40,DYSINGER EAST,23326,362.2,3200,-9999
07/19/2025 10:40,MOSES SOUTH,23319,-519.5,3150,-1600
07/19/2025 10:40,SCH - HQ - NY,23324,-770,1500,-980
07/19/2025 10:40,SCH - HQ_CEDARS,325274,-40,270,-40
07/19/2025 10:40,SCH - HQ_IMPORT_EXPORT,325376,-770,1310,-9999
07/19/2025 10:40,SCH - NE - NY,23318,222.57,1400,-1600
07/19/2025 10:40,SCH - NPX_1385,325277,82,125,-125
07/19/2025 10:40,SCH - NPX_CSC,325154,330,330,-330
07/19/2025 10:40,SCH - OH - NY,23317,869.27,2000,-1600
07/19/2025 10:40,SCH - PJ - NY,23316,33.54,2000,-1050
07/19/2025 10:40,SCH - PJM_HTP,325905,540,660,-660
07/19/2025 10:40,SCH - PJM_NEPTUNE,325305,660,660,-660
07/19/2025 10:40,SCH - PJM_VFT,325658,315,315,-315
07/19/2025 10:40,SPR/DUN-SOUTH,23320,2667.33,4600,-9999
07/19/2025 10:40,TOTAL EAST,23314,2378.49,7550,-9999
07/19/2025 10:40,UPNY CONED,23315,4292.97,6615,-9999
07/19/2025 10:40,WEST CENTRAL,23312,150.07,9999,-9999
07/19/2025 10:45,CENTRAL EAST - VC,23330,1312.75,3065,-9999
07/19/2025 10:45,DYSINGER EAST,23326,383.36,3200,-9999
07/19/2025 10:45,MOSES SOUTH,23319,-502.77,3150,-1600
07/19/2025 10:45,SCH - HQ - NY,23324,-770,1500,-980
07/19/2025 10:45,SCH - HQ_CEDARS,325274,-40,270,-40
07/19/2025 10:45,SCH - HQ_IMPORT_EXPORT,325376,-770,1310,-9999
07/19/2025 10:45,SCH - NE - NY,23318,228.49,1400,-1600
07/19/2025 10:45,SCH - NPX_1385,325277,82,125,-125
07/19/2025 10:45,SCH - NPX_CSC,325154,330,330,-330
07/19/2025 10:45,SCH - OH - NY,23317,869.2,2000,-1600
07/19/2025 10:45,SCH - PJ - NY,23316,36.74,2000,-1050
07/19/2025 10:45,SCH - PJM_HTP,325905,540,660,-660
07/19/2025 10:45,SCH - PJM_NEPTUNE,325305,660,660,-660
07/19/2025 10:45,SCH - PJM_VFT,325658,315,315,-315
07/19/2025 10:45,SPR/DUN-SOUTH,23320,2716.52,4600,-9999
07/19/2025 10:45,TOTAL EAST,23314,2363.53,7550,-9999
07/19/2025 10:45,UPNY CONED,23315,4333.12,6615,-9999
07/19/2025 10:45,WEST CENTRAL,23312,168.13,9999,-9999
07/19/2025 10:50,CENTRAL EAST - VC,23330,1286.36,3065,-9999
07/19/2025 10:50,DYSINGER EAST,23326,384.84,3200,-9999
07/19/2025 10:50,MOSES SOUTH,23319,-498.65,3150,-1600
07/19/2025 10:50,SCH - HQ - NY,23324,-770,1500,-980
07/19/2025 10:50,SCH - HQ_CEDARS,325274,-40,270,-40
07/19/2025 10:50,SCH - HQ_IMPORT_EXPORT,325376,-770,1310,-9999
07/19/2025 10:50,SCH - NE - NY,23318,236.04,1400,-1600
07/19/2025 10:50,SCH - NPX_1385,325277,82,125,-125
07/19/2025 10:50,SCH - NPX_CSC,325154,330,330,-330
07/19/2025 10:50,SCH - OH - NY,23317,869.19,2000,-1600
07/19/2025 10:50,SCH - PJ - NY,23316,34.05,2000,-1050
07/19/2025 10:50,SCH - PJM_HTP,325905,540,660,-660
07/19/2025 10:50,SCH - PJM_NEPTUNE,325305,660,660,-660
07/19/2025 10:50,SCH - PJM_VFT,325658,315,315,-315
07/19/2025 10:50,SPR/DUN-SOUTH,23320,2692.72,4600,-9999
07/19/2025 10:50,TOTAL EAST,23314,2367.12,7550,-9999
07/19/2025 10:50,UPNY CONED,23315,4322.37,6615,-9999
07/19/2025 10:50,WEST CENTRAL,23312,171.56,9999,-9999
07/19/2025 10:55,CENTRAL EAST - VC,23330,1279.86,3065,-9999
07/19/2025 10:55,DYSINGER EAST,23326,390.67,3200,-9999
07/19/2025 10:55,MOSES SOUTH,23319,-521.82,3150,-1600
07/19/2025 10:55,SCH - HQ - NY,23324,-770,1500,-980
07/19/2025 10:55,SCH - HQ_CEDARS,325274,-40,270,-40
07/19/2025 10:55,SCH - HQ_IMPORT_EXPORT,325376,-770,1310,-9999
07/19/2025 10:55,SCH - NE - NY,23318,236.06,1400,-1600
07/19/2025 10:55,SCH - NPX_1385,325277,82,125,-125
07/19/2025 10:55,SCH - NPX_CSC,325154,330,330,-330
07/19/2025 10:55,SCH - OH - NY,23317,869.23,2000,-1600
07/19/2025 10:55,SCH - PJ - NY,23316,33.04,2000,-1050
07/19/2025 10:55,SCH - PJM_HTP,325905,540,660,-660
07/19/2025 10:55,SCH - PJM_NEPTUNE,325305,660,660,-660
07/19/2025 10:55,SCH - PJM_VFT,325658,315,315,-315
07/19/2025 10:55,SPR/DUN-SOUTH,23320,2684.02,4600,-9999
07/19/2025 10:55,TOTAL EAST,23314,2366.12,7550,-9999
07/19/2025 10:55,UPNY CONED,23315,4344.33,6615,-9999
07/19/2025 10:55,WEST CENTRAL,23312,182.34,9999,-9999
07/19/2025 11:00,CENTRAL EAST - VC,23330,1198.14,3065,-9999
07/19/2025 11:00,DYSINGER EAST,23326,359.41,3200,-9999
07/19/2025 11:00,MOSES SOUTH,23319,-516.19,3150,-1600
07/19/2025 11:00,SCH - HQ - NY,23324,-770,1500,-980
07/19/2025 11:00,SCH - HQ_CEDARS,325274,-40,270,-40
07/19/2025 11:00,SCH - HQ_IMPORT_EXPORT,325376,-770,1310,-9999
07/19/2025 11:00,SCH - NE - NY,23318,353.23,1400,-1600
07/19/2025 11:00,SCH - NPX_1385,325277,91,125,-125
07/19/2025 11:00,SCH - NPX_CSC,325154,330,330,-330
07/19/2025 11:00,SCH - OH - NY,23317,868.25,2000,-1600
07/19/2025 11:00,SCH - PJ - NY,23316,28,2000,-1050
07/19/2025 11:00,SCH - PJM_HTP,325905,600,660,-660
07/19/2025 11:00,SCH - PJM_NEPTUNE,325305,660,660,-660
07/19/2025 11:00,SCH - PJM_VFT,325658,315,315,-315
07/19/2025 11:00,SPR/DUN-SOUTH,23320,2665.46,4600,-9999
07/19/2025 11:00,TOTAL EAST,23314,2337.37,7550,-9999
07/19/2025 11:00,UPNY CONED,23315,4336.33,6615,-9999
07/19/2025 11:00,WEST CENTRAL,23312,143.22,9999,-9999
07/19/2025 11:05,CENTRAL EAST - VC,23330,1188.83,3065,-9999
07/19/2025 11:05,DYSINGER EAST,23326,415.14,3200,-9999
07/19/2025 11:05,MOSES SOUTH,23319,-542.19,3150,-1600
07/19/2025 11:05,SCH - HQ - NY,23324,-770,1500,-980
07/19/2025 11:05,SCH - HQ_CEDARS,325274,-40,270,-40
07/19/2025 11:05,SCH - HQ_IMPORT_EXPORT,325376,-770,1310,-9999
07/19/2025 11:05,SCH - NE - NY,23318,471.21,1400,-1600
07/19/2025 11:05,SCH - NPX_1385,325277,100,125,-125
07/19/2025 11:05,SCH - NPX_CSC,325154,330,330,-330
07/19/2025 11:05,SCH - OH - NY,23317,868.17,2000,-1600
07/19/2025 11:05,SCH - PJ - NY,23316,17.77,2000,-1050
07/19/2025 11:05,SCH - PJM_HTP,325905,660,660,-660
07/19/2025 11:05,SCH - PJM_NEPTUNE,325305,660,660,-660
07/19/2025 11:05,SCH - PJM_VFT,325658,315,315,-315
07/19/2025 11:05,SPR/DUN-SOUTH,23320,2660.88,4600,-9999
07/19/2025 11:05,TOTAL EAST,23314,2299.14,7550,-9999
07/19/2025 11:05,UPNY CONED,23315,4352.05,6615,-9999
07/19/2025 11:05,WEST CENTRAL,23312,192.75,9999,-9999
07/19/2025 11:10,CENTRAL EAST - VC,23330,1245.78,3065,-9999
07/19/2025 11:10,DYSINGER EAST,23326,410.05,3200,-9999
07/19/2025 11:10,MOSES SOUTH,23319,-508.39,3150,-1600
07/19/2025 11:10,SCH - HQ - NY,23324,-770,1500,-980
07/19/2025 11:10,SCH - HQ_CEDARS,325274,-40,270,-40
07/19/2025 11:10,SCH - HQ_IMPORT_EXPORT,325376,-770,1310,-9999
07/19/2025 11:10,SCH - NE - NY,23318,471.04,1400,-1600
07/19/2025 11:10,SCH - NPX_1385,325277,100,125,-125
07/19/2025 11:10,SCH - NPX_CSC,325154,330,330,-330
07/19/2025 11:10,SCH - OH - NY,23317,868.16,2000,-1600
07/19/2025 11:10,SCH - PJ - NY,23316,11.12,2000,-1050
07/19/2025 11:10,SCH - PJM_HTP,325905,660,660,-660
07/19/2025 11:10,SCH - PJM_NEPTUNE,325305,660,660,-660
07/19/2025 11:10,SCH - PJM_VFT,325658,315,315,-315
07/19/2025 11:10,SPR/DUN-SOUTH,23320,2680.22,4600,-9999
07/19/2025 11:10,TOTAL EAST,23314,2279.74,7550,-9999
07/19/2025 11:10,UPNY CONED,23315,4392.28,6615,-9999
07/19/2025 11:10,WEST CENTRAL,23312,181.11,9999,-9999
07/19/2025 11:15,CENTRAL EAST - VC,23330,1213.04,3065,-9999
07/19/2025 11:15,DYSINGER EAST,23326,338.54,3200,-9999
07/19/2025 11:15,MOSES SOUTH,23319,-522.13,3150,-1600
07/19/2025 11:15,SCH - HQ - NY,23324,-770,1500,-980
07/19/2025 11:15,SCH - HQ_CEDARS,325274,-40,270,-40
07/19/2025 11:15,SCH - HQ_IMPORT_EXPORT,325376,-770,1310,-9999
07/19/2025 11:15,SCH - NE - NY,23318,592.8,1400,-1600
07/19/2025 11:15,SCH - NPX_1385,325277,100,125,-125
07/19/2025 11:15,SCH - NPX_CSC,325154,330,330,-330
07/19/2025 11:15,SCH - OH - NY,23317,868.23,2000,-1600
07/19/2025 11:15,SCH - PJ - NY,23316,12.24,2000,-1050
07/19/2025 11:15,SCH - PJM_HTP,325905,660,660,-660
07/19/2025 11:15,SCH - PJM_NEPTUNE,325305,660,660,-660
07/19/2025 11:15,SCH - PJM_VFT,325658,315,315,-315
07/19/2025 11:15,SPR/DUN-SOUTH,23320,2676.17,4600,-9999
07/19/2025 11:15,TOTAL EAST,23314,2208.24,7550,-9999
07/19/2025 11:15,UPNY CONED,23315,4396.77,6615,-9999
07/19/2025 11:15,WEST CENTRAL,23312,99.19,9999,-9999
07/19/2025 11:20,CENTRAL EAST - VC,23330,1205.38,3065,-9999
07/19/2025 11:20,DYSINGER EAST,23326,371.97,3200,-9999
07/19/2025 11:20,MOSES SOUTH,23319,-485,3150,-1600
07/19/2025 11:20,SCH - HQ - NY,23324,-770,1500,-980
07/19/2025 11:20,SCH - HQ_CEDARS,325274,-40,270,-40
07/19/2025 11:20,SCH - HQ_IMPORT_EXPORT,325376,-770,1310,-9999
07/19/2025 11:20,SCH - NE - NY,23318,717.02,1400,-1600
07/19/2025 11:20,SCH - NPX_1385,325277,100,125,-125
07/19/2025 11:20,SCH - NPX_CSC,325154,330,330,-330
07/19/2025 11:20,SCH - OH - NY,23317,868.13,2000,-1600
07/19/2025 11:20,SCH - PJ - NY,23316,7.8,2000,-1050
07/19/2025 11:20,SCH - PJM_HTP,325905,660,660,-660
07/19/2025 11:20,SCH - PJM_NEPTUNE,325305,660,660,-660
07/19/2025 11:20,SCH - PJM_VFT,325658,315,315,-315
07/19/2025 11:20,SPR/DUN-SOUTH,23320,2739.6,4600,-9999
07/19/2025 11:20,TOTAL EAST,23314,2156,7550,-9999
07/19/2025 11:20,UPNY CONED,23315,4439.16,6615,-9999
07/19/2025 11:20,WEST CENTRAL,23312,130.42,9999,-9999
07/19/2025 11:25,CENTRAL EAST - VC,23330,1170.65,3065,-9999
07/19/2025 11:25,DYSINGER EAST,23326,403.37,3200,-9999
07/19/2025 11:25,MOSES SOUTH,23319,-483.93,3150,-1600
07/19/2025 11:25,SCH - HQ - NY,23324,-770,1500,-980
07/19/2025 11:25,SCH - HQ_CEDARS,325274,-40,270,-40
07/19/2025 11:25,SCH - HQ_IMPORT_EXPORT,325376,-770,1310,-9999
07/19/2025 11:25,SCH - NE - NY,23318,717.36,1400,-1600
07/19/2025 11:25,SCH - NPX_1385,325277,100,125,-125
07/19/2025 11:25,SCH - NPX_CSC,325154,330,330,-330
07/19/2025 11:25,SCH - OH - NY,23317,868.12,2000,-1600
07/19/2025 11:25,SCH - PJ - NY,23316,6.09,2000,-1050
07/19/2025 11:25,SCH - PJM_HTP,325905,660,660,-660
07/19/2025 11:25,SCH - PJM_NEPTUNE,325305,660,660,-660
07/19/2025 11:25,SCH - PJM_VFT,325658,315,315,-315
07/19/2025 11:25,SPR/DUN-SOUTH,23320,2702.85,4600,-9999
07/19/2025 11:25,TOTAL EAST,23314,2174.54,7550,-9999
07/19/2025 11:25,UPNY CONED,23315,4433.53,6615,-9999
07/19/2025 11:25,WEST CENTRAL,23312,156.7,9999,-9999
07/19/2025 11:30,CENTRAL EAST - VC,23330,1204.39,3065,-9999
07/19/2025 11:30,DYSINGER EAST,23326,471.3,3200,-9999
07/19/2025 11:30,MOSES SOUTH,23319,-490.84,3150,-1600
07/19/2025 11:30,SCH - HQ - NY,23324,-770,1500,-980
07/19/2025 11:30,SCH - HQ_CEDARS,325274,-40,270,-40
07/19/2025 11:30,SCH - HQ_IMPORT_EXPORT,325376,-770,1310,-9999
07/19/2025 11:30,SCH - NE - NY,23318,686.6,1400,-1600
07/19/2025 11:30,SCH - NPX_1385,325277,100,125,-125
07/19/2025 11:30,SCH - NPX_CSC,325154,330,330,-330
07/19/2025 11:30,SCH - OH - NY,23317,868.12,2000,-1600
07/19/2025 11:30,SCH - PJ - NY,23316,8,2000,-1050
07/19/2025 11:30,SCH - PJM_HTP,325905,660,660,-660
07/19/2025 11:30,SCH - PJM_NEPTUNE,325305,660,660,-660
07/19/2025 11:30,SCH - PJM_VFT,325658,315,315,-315
07/19/2025 11:30,SPR/DUN-SOUTH,23320,2699.04,4600,-9999
07/19/2025 11:30,TOTAL EAST,23314,2225.32,7550,-9999
07/19/2025 11:30,UPNY CONED,23315,4447.09,6615,-9999
07/19/2025 11:30,WEST CENTRAL,23312,219.28,9999,-9999
07/19/2025 11:35,CENTRAL EAST - VC,23330,1183.73,3065,-9999
07/19/2025 11:35,DYSINGER EAST,23326,405.82,3200,-9999
07/19/2025 11:35,MOSES SOUTH,23319,-509.56,3150,-1600
07/19/2025 11:35,SCH - HQ - NY,23324,-770,1500,-980
07/19/2025 11:35,SCH - HQ_CEDARS,325274,-40,270,-40
07/19/2025 11:35,SCH - HQ_IMPORT_EXPORT,325376,-770,1310,-9999
07/19/2025 11:35,SCH - NE - NY,23318,654.97,1400,-1600
07/19/2025 11:35,SCH - NPX_1385,325277,100,125,-125
07/19/2025 11:35,SCH - NPX_CSC,325154,330,330,-330
07/19/2025 11:35,SCH - OH - NY,23317,868.28,2000,-1600
07/19/2025 11:35,SCH - PJ - NY,23316,11.97,2000,-1050
07/19/2025 11:35,SCH - PJM_HTP,325905,660,660,-660
07/19/2025 11:35,SCH - PJM_NEPTUNE,325305,660,660,-660
07/19/2025 11:35,SCH - PJM_VFT,325658,315,315,-315
07/19/2025 11:35,SPR/DUN-SOUTH,23320,2686.75,4600,-9999
07/19/2025 11:35,TOTAL EAST,23314,2220.71,7550,-9999
07/19/2025 11:35,UPNY CONED,23315,4481.64,6615,-9999
07/19/2025 11:35,WEST CENTRAL,23312,152.35,9999,-9999
07/19/2025 11:40,CENTRAL EAST - VC,23330,1180.38,3065,-9999
07/19/2025 11:40,DYSINGER EAST,23326,411.97,3200,-9999
07/19/2025 11:40,MOSES SOUTH,23319,-534.92,3150,-1600
07/19/2025 11:40,SCH - HQ - NY,23324,-770,1500,-980
07/19/2025 11:40,SCH - HQ_CEDARS,325274,-40,270,-40
07/19/2025 11:40,SCH - HQ_IMPORT_EXPORT,325376,-770,1310,-9999
07/19/2025 11:40,SCH - NE - NY,23318,654.84,1400,-1600
07/19/2025 11:40,SCH - NPX_1385,325277,100,125,-125
07/19/2025 11:40,SCH - NPX_CSC,325154,330,330,-330
07/19/2025 11:40,SCH - OH - NY,23317,868.23,2000,-1600
07/19/2025 11:40,SCH - PJ - NY,23316,10.14,2000,-1050
07/19/2025 11:40,SCH - PJM_HTP,325905,660,660,-660
07/19/2025 11:40,SCH - PJM_NEPTUNE,325305,660,660,-660
07/19/2025 11:40,SCH - PJM_VFT,325658,315,315,-315
07/19/2025 11:40,SPR/DUN-SOUTH,23320,2666.4,4600,-9999
07/19/2025 11:40,TOTAL EAST,23314,2209.68,7550,-9999
07/19/2025 11:40,UPNY CONED,23315,4485.77,6615,-9999
07/19/2025 11:40,WEST CENTRAL,23312,156.36,9999,-9999
07/19/2025 11:45,CENTRAL EAST - VC,23330,1134.8,3065,-9999
07/19/2025 11:45,DYSINGER EAST,23326,331.28,3200,-9999
07/19/2025 11:45,MOSES SOUTH,23319,-553.37,3150,-1600
07/19/2025 11:45,SCH - HQ - NY,23324,-770,1500,-980
07/19/2025 11:45,SCH - HQ_CEDARS,325274,-40,270,-40
07/19/2025 11:45,SCH - HQ_IMPORT_EXPORT,325376,-770,1310,-9999
07/19/2025 11:45,SCH - NE - NY,23318,592.39,1400,-1600
07/19/2025 11:45,SCH - NPX_1385,325277,100,125,-125
07/19/2025 11:45,SCH - NPX_CSC,325154,330,330,-330
07/19/2025 11:45,SCH - OH - NY,23317,868.53,2000,-1600
07/19/2025 11:45,SCH - PJ - NY,23316,11.27,2000,-1050
07/19/2025 11:45,SCH - PJM_HTP,325905,660,660,-660
07/19/2025 11:45,SCH - PJM_NEPTUNE,325305,660,660,-660
07/19/2025 11:45,SCH - PJM_VFT,325658,315,315,-315
07/19/2025 11:45,SPR/DUN-SOUTH,23320,2674.96,4600,-9999
07/19/2025 11:45,TOTAL EAST,23314,2218.38,7550,-9999
07/19/2025 11:45,UPNY CONED,23315,4459.9,6615,-9999
07/19/2025 11:45,WEST CENTRAL,23312,72.21,9999,-9999
07/19/2025 11:50,CENTRAL EAST - VC,23330,1251.91,3065,-9999
07/19/2025 11:50,DYSINGER EAST,23326,402.38,3200,-9999
07/19/2025 11:50,MOSES SOUTH,23319,-533.27,3150,-1600
07/19/2025 11:50,SCH - HQ - NY,23324,-770,1500,-980
07/19/2025 11:50,SCH - HQ_CEDARS,325274,-40,270,-40
07/19/2025 11:50,SCH - HQ_IMPORT_EXPORT,325376,-770,1310,-9999
07/19/2025 11:50,SCH - NE - NY,23318,528.57,1400,-1600
07/19/2025 11:50,SCH - NPX_1385,325277,100,125,-125
07/19/2025 11:50,SCH - NPX_CSC,325154,330,330,-330
07/19/2025 11:50,SCH - OH - NY,23317,868.32,2000,-1600
07/19/2025 11:50,SCH - PJ - NY,23316,15.62,2000,-1050
07/19/2025 11:50,SCH - PJM_HTP,325905,660,660,-660
07/19/2025 11:50,SCH - PJM_NEPTUNE,325305,660,660,-660
07/19/2025 11:50,SCH - PJM_VFT,325658,315,315,-315
07/19/2025 11:50,SPR/DUN-SOUTH,23320,2792.12,4600,-9999
07/19/2025 11:50,TOTAL EAST,23314,2259.5,7550,-9999
07/19/2025 11:50,UPNY CONED,23315,4520.13,6615,-9999
07/19/2025 11:50,WEST CENTRAL,23312,142.08,9999,-9999
07/19/2025 11:55,CENTRAL EAST - VC,23330,1235.87,3065,-9999
07/19/2025 11:55,DYSINGER EAST,23326,399.55,3200,-9999
07/19/2025 11:55,MOSES SOUTH,23319,-541.08,3150,-1600
07/19/2025 11:55,SCH - HQ - NY,23324,-770,1500,-980
07/19/2025 11:55,SCH - HQ_CEDARS,325274,-40,270,-40
07/19/2025 11:55,SCH - HQ_IMPORT_EXPORT,325376,-770,1310,-9999
07/19/2025 11:55,SCH - NE - NY,23318,528.62,1400,-1600
07/19/2025 11:55,SCH - NPX_1385,325277,100,125,-125
07/19/2025 11:55,SCH - NPX_CSC,325154,330,330,-330
07/19/2025 11:55,SCH - OH - NY,23317,868.35,2000,-1600
07/19/2025 11:55,SCH - PJ - NY,23316,11.57,2000,-1050
07/19/2025 11:55,SCH - PJM_HTP,325905,660,660,-660
07/19/2025 11:55,SCH - PJM_NEPTUNE,325305,660,660,-660
07/19/2025 11:55,SCH - PJM_VFT,325658,315,315,-315
07/19/2025 11:55,SPR/DUN-SOUTH,23320,2823.52,4600,-9999
07/19/2025 11:55,TOTAL EAST,23314,2205.8,7550,-9999
07/19/2025 11:55,UPNY CONED,23315,4501.06,6615,-9999
07/19/2025 11:55,WEST CENTRAL,23312,141.31,9999,-9999
07/19/2025 12:00,CENTRAL EAST - VC,23330,1266.78,3065,-9999
07/19/2025 12:00,DYSINGER EAST,23326,509.86,3200,-9999
07/19/2025 12:00,MOSES SOUTH,23319,-519.92,3150,-1600
07/19/2025 12:00,SCH - HQ - NY,23324,-770,1500,-980
07/19/2025 12:00,SCH - HQ_CEDARS,325274,-40,270,-40
07/19/2025 12:00,SCH - HQ_IMPORT_EXPORT,325376,-770,1310,-9999
07/19/2025 12:00,SCH - NE - NY,23318,571.08,1400,-1600
07/19/2025 12:00,SCH - NPX_1385,325277,102,125,-125
07/19/2025 12:00,SCH - NPX_CSC,325154,330,330,-330
07/19/2025 12:00,SCH - OH - NY,23317,1003.37,2000,-1600
07/19/2025 12:00,SCH - PJ - NY,23316,-59.97,2000,-1050
07/19/2025 12:00,SCH - PJM_HTP,325905,660,660,-660
07/19/2025 12:00,SCH - PJM_NEPTUNE,325305,660,660,-660
07/19/2025 12:00,SCH - PJM_VFT,325658,315,315,-315
07/19/2025 12:00,SPR/DUN-SOUTH,23320,2823.06,4600,-9999
07/19/2025 12:00,TOTAL EAST,23314,2240.05,7550,-9999
07/19/2025 12:00,UPNY CONED,23315,4617.16,6615,-9999
07/19/2025 12:00,WEST CENTRAL,23312,243.68,9999,-9999
07/19/2025 12:05,CENTRAL EAST - VC,23330,1322.43,3065,-9999
07/19/2025 12:05,DYSINGER EAST,23326,666.73,3200,-9999
07/19/2025 12:05,MOSES SOUTH,23319,-486.48,3150,-1600
07/19/2025 12:05,SCH - HQ - NY,23324,-770,1500,-980
07/19/2025 12:05,SCH - HQ_CEDARS,325274,-40,270,-40
07/19/2025 12:05,SCH - HQ_IMPORT_EXPORT,325376,-770,1310,-9999
07/19/2025 12:05,SCH - NE - NY,23318,614.38,1400,-1600
07/19/2025 12:05,SCH - NPX_1385,325277,105,125,-125
07/19/2025 12:05,SCH - NPX_CSC,325154,330,330,-330
07/19/2025 12:05,SCH - OH - NY,23317,1138.25,2000,-1600
07/19/2025 12:05,SCH - PJ - NY,23316,-127.23,2000,-1050
07/19/2025 12:05,SCH - PJM_HTP,325905,660,660,-660
07/19/2025 12:05,SCH - PJM_NEPTUNE,325305,660,660,-660
07/19/2025 12:05,SCH - PJM_VFT,325658,315,315,-315
07/19/2025 12:05,SPR/DUN-SOUTH,23320,2839.56,4600,-9999
07/19/2025 12:05,TOTAL EAST,23314,2299.66,7550,-9999
07/19/2025 12:05,UPNY CONED,23315,4706.02,6615,-9999
07/19/2025 12:05,WEST CENTRAL,23312,393.61,9999,-9999
07/19/2025 12:10,CENTRAL EAST - VC,23330,1337.21,3065,-9999
07/19/2025 12:10,DYSINGER EAST,23326,623.77,3200,-9999
07/19/2025 12:10,MOSES SOUTH,23319,-473.67,3150,-1600
07/19/2025 12:10,SCH - HQ - NY,23324,-770,1500,-980
07/19/2025 12:10,SCH - HQ_CEDARS,325274,-40,270,-40
07/19/2025 12:10,SCH - HQ_IMPORT_EXPORT,325376,-770,1310,-9999
07/19/2025 12:10,SCH - NE - NY,23318,614.65,1400,-1600
07/19/2025 12:10,SCH - NPX_1385,325277,105,125,-125
07/19/2025 12:10,SCH - NPX_CSC,325154,330,330,-330
07/19/2025 12:10,SCH - OH - NY,23317,1138.41,2000,-1600
07/19/2025 12:10,SCH - PJ - NY,23316,-129.61,2000,-1050
07/19/2025 12:10,SCH - PJM_HTP,325905,660,660,-660
07/19/2025 12:10,SCH - PJM_NEPTUNE,325305,660,660,-660
07/19/2025 12:10,SCH - PJM_VFT,325658,315,315,-315
07/19/2025 12:10,SPR/DUN-SOUTH,23320,2851.93,4600,-9999
07/19/2025 12:10,TOTAL EAST,23314,2306.52,7550,-9999
07/19/2025 12:10,UPNY CONED,23315,4737.4,6615,-9999
07/19/2025 12:10,WEST CENTRAL,23312,344.7,9999,-9999
07/19/2025 12:15,CENTRAL EAST - VC,23330,1312.17,3065,-9999
07/19/2025 12:15,DYSINGER EAST,23326,541.08,3200,-9999
07/19/2025 12:15,MOSES SOUTH,23319,-455.45,3150,-1600
07/19/2025 12:15,SCH - HQ - NY,23324,-770,1500,-980
07/19/2025 12:15,SCH - HQ_CEDARS,325274,-40,270,-40
07/19/2025 12:15,SCH - HQ_IMPORT_EXPORT,325376,-770,1310,-9999
07/19/2025 12:15,SCH - NE - NY,23318,614.41,1400,-1600
07/19/2025 12:15,SCH - NPX_1385,325277,105,125,-125
07/19/2025 12:15,SCH - NPX_CSC,325154,330,330,-330
07/19/2025 12:15,SCH - OH - NY,23317,1138.6,2000,-1600
07/19/2025 12:15,SCH - PJ - NY,23316,-129.59,2000,-1050
07/19/2025 12:15,SCH - PJM_HTP,325905,660,660,-660
07/19/2025 12:15,SCH - PJM_NEPTUNE,325305,660,660,-660
07/19/2025 12:15,SCH - PJM_VFT,325658,315,315,-315
07/19/2025 12:15,SPR/DUN-SOUTH,23320,2833.31,4600,-9999
07/19/2025 12:15,TOTAL EAST,23314,2314.29,7550,-9999
07/19/2025 12:15,UPNY CONED,23315,4755.05,6615,-9999
07/19/2025 12:15,WEST CENTRAL,23312,260.97,9999,-9999
07/19/2025 12:20,CENTRAL EAST - VC,23330,1251.28,3065,-9999
07/19/2025 12:20,DYSINGER EAST,23326,513.47,3200,-9999
07/19/2025 12:20,MOSES SOUTH,23319,-449.62,3150,-1600
07/19/2025 12:20,SCH - HQ - NY,23324,-770,1500,-980
07/19/2025 12:20,SCH - HQ_CEDARS,325274,-40,270,-40
07/19/2025 12:20,SCH - HQ_IMPORT_EXPORT,325376,-770,1310,-9999
07/19/2025 12:20,SCH - NE - NY,23318,614.58,1400,-1600
07/19/2025 12:20,SCH - NPX_1385,325277,105,125,-125
07/19/2025 12:20,SCH - NPX_CSC,325154,330,330,-330
07/19/2025 12:20,SCH - OH - NY,23317,1138.65,2000,-1600
07/19/2025 12:20,SCH - PJ - NY,23316,-126.97,2000,-1050
07/19/2025 12:20,SCH - PJM_HTP,325905,660,660,-660
07/19/2025 12:20,SCH - PJM_NEPTUNE,325305,660,660,-660
07/19/2025 12:20,SCH - PJM_VFT,325658,315,315,-315
07/19/2025 12:20,SPR/DUN-SOUTH,23320,2773.04,4600,-9999
07/19/2025 12:20,TOTAL EAST,23314,2283.26,7550,-9999
07/19/2025 12:20,UPNY CONED,23315,4695.53,6615,-9999
07/19/2025 12:20,WEST CENTRAL,23312,228.77,9999,-9999
07/19/2025 12:25,CENTRAL EAST - VC,23330,1273.84,3065,-9999
07/19/2025 12:25,DYSINGER EAST,23326,513.84,3200,-9999
07/19/2025 12:25,MOSES SOUTH,23319,-420.15,3150,-1600
07/19/2025 12:25,SCH - HQ - NY,23324,-770,1500,-980
07/19/2025 12:25,SCH - HQ_CEDARS,325274,-40,270,-40
07/19/2025 12:25,SCH - HQ_IMPORT_EXPORT,325376,-770,1310,-9999
07/19/2025 12:25,SCH - NE - NY,23318,614.22,1400,-1600
07/19/2025 12:25,SCH - NPX_1385,325277,105,125,-125
07/19/2025 12:25,SCH - NPX_CSC,325154,330,330,-330
07/19/2025 12:25,SCH - OH - NY,23317,1138.57,2000,-1600
07/19/2025 12:25,SCH - PJ - NY,23316,-129.47,2000,-1050
07/19/2025 12:25,SCH - PJM_HTP,325905,660,660,-660
07/19/2025 12:25,SCH - PJM_NEPTUNE,325305,660,660,-660
07/19/2025 12:25,SCH - PJM_VFT,325658,315,315,-315
07/19/2025 12:25,SPR/DUN-SOUTH,23320,2781.18,4600,-9999
07/19/2025 12:25,TOTAL EAST,23314,2245.93,7550,-9999
07/19/2025 12:25,UPNY CONED,23315,4679.89,6615,-9999
07/19/2025 12:25,WEST CENTRAL,23312,216.38,9999,-9999
07/19/2025 12:30,CENTRAL EAST - VC,23330,1224.68,3065,-9999
07/19/2025 12:30,DYSINGER EAST,23326,504.46,3200,-9999
07/19/2025 12:30,MOSES SOUTH,23319,-392.05,3150,-1600
07/19/2025 12:30,SCH - HQ - NY,23324,-770,1500,-980
07/19/2025 12:30,SCH - HQ_CEDARS,325274,-40,270,-40
07/19/2025 12:30,SCH - HQ_IMPORT_EXPORT,325376,-770,1310,-9999
07/19/2025 12:30,SCH - NE - NY,23318,614.26,1400,-1600
07/19/2025 12:30,SCH - NPX_1385,325277,105,125,-125
07/19/2025 12:30,SCH - NPX_CSC,325154,330,330,-330
07/19/2025 12:30,SCH - OH - NY,23317,1138.49,2000,-1600
07/19/2025 12:30,SCH - PJ - NY,23316,-123.01,2000,-1050
07/19/2025 12:30,SCH - PJM_HTP,325905,660,660,-660
07/19/2025 12:30,SCH - PJM_NEPTUNE,325305,660,660,-660
07/19/2025 12:30,SCH - PJM_VFT,325658,315,315,-315
07/19/2025 12:30,SPR/DUN-SOUTH,23320,2788.25,4600,-9999
07/19/2025 12:30,TOTAL EAST,23314,2189.72,7550,-9999
07/19/2025 12:30,UPNY CONED,23315,4634.34,6985,-9999
07/19/2025 12:30,WEST CENTRAL,23312,195.14,9999,-9999
07/19/2025 12:35,CENTRAL EAST - VC,23330,1206.22,3065,-9999
07/19/2025 12:35,DYSINGER EAST,23326,483.06,3200,-9999
07/19/2025 12:35,MOSES SOUTH,23319,-421.07,3150,-1600
07/19/2025 12:35,SCH - HQ - NY,23324,-770,1500,-980
07/19/2025 12:35,SCH - HQ_CEDARS,325274,-40,270,-40
07/19/2025 12:35,SCH - HQ_IMPORT_EXPORT,325376,-770,1310,-9999
07/19/2025 12:35,SCH - NE - NY,23318,613.79,1400,-1600
07/19/2025 12:35,SCH - NPX_1385,325277,105,125,-125
07/19/2025 12:35,SCH - NPX_CSC,325154,330,330,-330
07/19/2025 12:35,SCH - OH - NY,23317,1138.73,2000,-1600
07/19/2025 12:35,SCH - PJ - NY,23316,-128.22,2000,-1050
07/19/2025 12:35,SCH - PJM_HTP,325905,660,660,-660
07/19/2025 12:35,SCH - PJM_NEPTUNE,325305,660,660,-660
07/19/2025 12:35,SCH - PJM_VFT,325658,315,315,-315
07/19/2025 12:35,SPR/DUN-SOUTH,23320,2803.95,4600,-9999
07/19/2025 12:35,TOTAL EAST,23314,2152.1,7550,-9999
07/19/2025 12:35,UPNY CONED,23315,4582.37,6985,-9999
07/19/2025 12:35,WEST CENTRAL,23312,173.03,9999,-9999
07/19/2025 12:40,CENTRAL EAST - VC,23330,1208.27,3065,-9999
07/19/2025 12:40,DYSINGER EAST,23326,505.44,3200,-9999
07/19/2025 12:40,MOSES SOUTH,23319,-414.92,3150,-1600
07/19/2025 12:40,SCH - HQ - NY,23324,-770,1500,-980
07/19/2025 12:40,SCH - HQ_CEDARS,325274,-40,270,-40
07/19/2025 12:40,SCH - HQ_IMPORT_EXPORT,325376,-770,1310,-9999
07/19/2025 12:40,SCH - NE - NY,23318,613.41,1400,-1600
07/19/2025 12:40,SCH - NPX_1385,325277,105,125,-125
07/19/2025 12:40,SCH - NPX_CSC,325154,330,330,-330
07/19/2025 12:40,SCH - OH - NY,23317,1138.66,2000,-1600
07/19/2025 12:40,SCH - PJ - NY,23316,-127.75,2000,-1050
07/19/2025 12:40,SCH - PJM_HTP,325905,660,660,-660
07/19/2025 12:40,SCH - PJM_NEPTUNE,325305,660,660,-660
07/19/2025 12:40,SCH - PJM_VFT,325658,315,315,-315
07/19/2025 12:40,SPR/DUN-SOUTH,23320,2815.02,4600,-9999
07/19/2025 12:40,TOTAL EAST,23314,2136.23,7550,-9999
07/19/2025 12:40,UPNY CONED,23315,4560.53,6985,-9999
07/19/2025 12:40,WEST CENTRAL,23312,196.23,9999,-9999
07/19/2025 12:45,CENTRAL EAST - VC,23330,1219.75,3065,-9999
07/19/2025 12:45,DYSINGER EAST,23326,504.78,3200,-9999
07/19/2025 12:45,MOSES SOUTH,23319,-416.95,3150,-1600
07/19/2025 12:45,SCH - HQ - NY,23324,-770,1500,-980
07/19/2025 12:45,SCH - HQ_CEDARS,325274,-40,270,-40
07/19/2025 12:45,SCH - HQ_IMPORT_EXPORT,325376,-770,1310,-9999
07/19/2025 12:45,SCH - NE - NY,23318,638.86,1400,-1600
07/19/2025 12:45,SCH - NPX_1385,325277,105,125,-125
07/19/2025 12:45,SCH - NPX_CSC,325154,330,330,-330
07/19/2025 12:45,SCH - OH - NY,23317,1138.62,2000,-1600
07/19/2025 12:45,SCH - PJ - NY,23316,-129.13,2000,-1050
07/19/2025 12:45,SCH - PJM_HTP,325905,660,660,-660
07/19/2025 12:45,SCH - PJM_NEPTUNE,325305,660,660,-660
07/19/2025 12:45,SCH - PJM_VFT,325658,315,315,-315
07/19/2025 12:45,SPR/DUN-SOUTH,23320,2885.17,4600,-9999
07/19/2025 12:45,TOTAL EAST,23314,2122.12,7550,-9999
07/19/2025 12:45,UPNY CONED,23315,4647.04,6985,-9999
07/19/2025 12:45,WEST CENTRAL,23312,192.61,9999,-9999
07/19/2025 12:50,CENTRAL EAST - VC,23330,1190.67,3065,-9999
07/19/2025 12:50,DYSINGER EAST,23326,504.77,3200,-9999
07/19/2025 12:50,MOSES SOUTH,23319,-423.05,3150,-1600
07/19/2025 12:50,SCH - HQ - NY,23324,-770,1500,-980
07/19/2025 12:50,SCH - HQ_CEDARS,325274,-40,270,-40
07/19/2025 12:50,SCH - HQ_IMPORT_EXPORT,325376,-770,1310,-9999
07/19/2025 12:50,SCH - NE - NY,23318,665.43,1400,-1600
07/19/2025 12:50,SCH - NPX_1385,325277,105,125,-125
07/19/2025 12:50,SCH - NPX_CSC,325154,330,330,-330
07/19/2025 12:50,SCH - OH - NY,23317,1138.52,2000,-1600
07/19/2025 12:50,SCH - PJ - NY,23316,-128.67,2000,-1050
07/19/2025 12:50,SCH - PJM_HTP,325905,660,660,-660
07/19/2025 12:50,SCH - PJM_NEPTUNE,325305,660,660,-660
07/19/2025 12:50,SCH - PJM_VFT,325658,315,315,-315
07/19/2025 12:50,SPR/DUN-SOUTH,23320,2954.65,4600,-9999
07/19/2025 12:50,TOTAL EAST,23314,2105.13,7550,-9999
07/19/2025 12:50,UPNY CONED,23315,4716.18,6985,-9999
07/19/2025 12:50,WEST CENTRAL,23312,186.66,9999,-9999
07/19/2025 12:55,CENTRAL EAST - VC,23330,1218.24,3065,-9999
07/19/2025 12:55,DYSINGER EAST,23326,569.09,3200,-9999
07/19/2025 12:55,MOSES SOUTH,23319,-383.19,3150,-1600
07/19/2025 12:55,SCH - HQ - NY,23324,-770,1500,-980
07/19/2025 12:55,SCH - HQ_CEDARS,325274,-40,270,-40
07/19/2025 12:55,SCH - HQ_IMPORT_EXPORT,325376,-770,1310,-9999
07/19/2025 12:55,SCH - NE - NY,23318,665.64,1400,-1600
07/19/2025 12:55,SCH - NPX_1385,325277,105,125,-125
07/19/2025 12:55,SCH - NPX_CSC,325154,330,330,-330
07/19/2025 12:55,SCH - OH - NY,23317,1138.27,2000,-1600
07/19/2025 12:55,SCH - PJ - NY,23316,-121.31,2000,-1050
07/19/2025 12:55,SCH - PJM_HTP,325905,660,660,-660
07/19/2025 12:55,SCH - PJM_NEPTUNE,325305,660,660,-660
07/19/2025 12:55,SCH - PJM_VFT,325658,315,315,-315
07/19/2025 12:55,SPR/DUN-SOUTH,23320,2974.22,4600,-9999
07/19/2025 12:55,TOTAL EAST,23314,2095.19,7550,-9999
07/19/2025 12:55,UPNY CONED,23315,4736.07,6985,-9999
07/19/2025 12:55,WEST CENTRAL,23312,249.3,9999,-9999
07/19/2025 13:00,CENTRAL EAST - VC,23330,1272.24,3065,-9999
07/19/2025 13:00,DYSINGER EAST,23326,543.34,3200,-9999
07/19/2025 13:00,MOSES SOUTH,23319,-383.4,3150,-1600
07/19/2025 13:00,SCH - HQ - NY,23324,-770,1500,-980
07/19/2025 13:00,SCH - HQ_CEDARS,325274,-40,270,-40
07/19/2025 13:00,SCH - HQ_IMPORT_EXPORT,325376,-770,1310,-9999
07/19/2025 13:00,SCH - NE - NY,23318,629.08,1400,-1600
07/19/2025 13:00,SCH - NPX_1385,325277,102,125,-125
07/19/2025 13:00,SCH - NPX_CSC,325154,330,330,-330
07/19/2025 13:00,SCH - OH - NY,23317,1123.38,2000,-1600
07/19/2025 13:00,SCH - PJ - NY,23316,-35.97,2000,-1050
07/19/2025 13:00,SCH - PJM_HTP,325905,660,660,-660
07/19/2025 13:00,SCH - PJM_NEPTUNE,325305,660,660,-660
07/19/2025 13:00,SCH - PJM_VFT,325658,315,315,-315
07/19/2025 13:00,SPR/DUN-SOUTH,23320,2938.59,4600,-9999
07/19/2025 13:00,TOTAL EAST,23314,2147.2,7550,-9999
07/19/2025 13:00,UPNY CONED,23315,4755.23,6985,-9999
07/19/2025 13:00,WEST CENTRAL,23312,221.04,9999,-9999
07/19/2025 13:05,CENTRAL EAST - VC,23330,1293.85,3065,-9999
07/19/2025 13:05,DYSINGER EAST,23326,578.33,3200,-9999
07/19/2025 13:05,MOSES SOUTH,23319,-353.6,3150,-1600
07/19/2025 13:05,SCH - HQ - NY,23324,-770,1500,-980
07/19/2025 13:05,SCH - HQ_CEDARS,325274,-40,270,-40
07/19/2025 13:05,SCH - HQ_IMPORT_EXPORT,325376,-770,1310,-9999
07/19/2025 13:05,SCH - NE - NY,23318,595.33,1400,-1600
07/19/2025 13:05,SCH - NPX_1385,325277,100,125,-125
07/19/2025 13:05,SCH - NPX_CSC,325154,330,330,-330
07/19/2025 13:05,SCH - OH - NY,23317,1108.25,2000,-1600
07/19/2025 13:05,SCH - PJ - NY,23316,57.87,2000,-1050
07/19/2025 13:05,SCH - PJM_HTP,325905,660,660,-660
07/19/2025 13:05,SCH - PJM_NEPTUNE,325305,660,660,-660
07/19/2025 13:05,SCH - PJM_VFT,325658,315,315,-315
07/19/2025 13:05,SPR/DUN-SOUTH,23320,2964.84,4600,-9999
07/19/2025 13:05,TOTAL EAST,23314,2236.41,7550,-9999
07/19/2025 13:05,UPNY CONED,23315,4850.06,6985,-9999
07/19/2025 13:05,WEST CENTRAL,23312,251.62,9999,-9999
07/19/2025 13:10,CENTRAL EAST - VC,23330,1267.14,3065,-9999
07/19/2025 13:10,DYSINGER EAST,23326,582.04,3200,-9999
07/19/2025 13:10,MOSES SOUTH,23319,-370.78,3150,-1600
07/19/2025 13:10,SCH - HQ - NY,23324,-770,1500,-980
07/19/2025 13:10,SCH - HQ_CEDARS,325274,-40,270,-40
07/19/2025 13:10,SCH - HQ_IMPORT_EXPORT,325376,-770,1310,-9999
07/19/2025 13:10,SCH - NE - NY,23318,595.53,1400,-1600
07/19/2025 13:10,SCH - NPX_1385,325277,100,125,-125
07/19/2025 13:10,SCH - NPX_CSC,325154,330,330,-330
07/19/2025 13:10,SCH - OH - NY,23317,1108.22,2000,-1600
07/19/2025 13:10,SCH - PJ - NY,23316,56.59,2000,-1050
07/19/2025 13:10,SCH - PJM_HTP,325905,660,660,-660
07/19/2025 13:10,SCH - PJM_NEPTUNE,325305,660,660,-660
07/19/2025 13:10,SCH - PJM_VFT,325658,315,315,-315
07/19/2025 13:10,SPR/DUN-SOUTH,23320,2971.26,4600,-9999
07/19/2025 13:10,TOTAL EAST,23314,2255.46,7550,-9999
07/19/2025 13:10,UPNY CONED,23315,4854.8,6985,-9999
07/19/2025 13:10,WEST CENTRAL,23312,251.81,9999,-9999
07/19/2025 13:15,CENTRAL EAST - VC,23330,1302.22,3065,-9999
07/19/2025 13:15,DYSINGER EAST,23326,615.49,3200,-9999
07/19/2025 13:15,MOSES SOUTH,23319,-342.91,3150,-1600
07/19/2025 13:15,SCH - HQ - NY,23324,-770,1500,-980
07/19/2025 13:15,SCH - HQ_CEDARS,325274,-40,270,-40
07/19/2025 13:15,SCH - HQ_IMPORT_EXPORT,325376,-770,1310,-9999
07/19/2025 13:15,SCH - NE - NY,23318,619.26,1400,-1600
07/19/2025 13:15,SCH - NPX_1385,325277,100,125,-125
07/19/2025 13:15,SCH - NPX_CSC,325154,330,330,-330
07/19/2025 13:15,SCH - OH - NY,23317,1108.12,2000,-1600
07/19/2025 13:15,SCH - PJ - NY,23316,39.93,2000,-1050
07/19/2025 13:15,SCH - PJM_HTP,325905,660,660,-660
07/19/2025 13:15,SCH - PJM_NEPTUNE,325305,660,660,-660
07/19/2025 13:15,SCH - PJM_VFT,325658,315,315,-315
07/19/2025 13:15,SPR/DUN-SOUTH,23320,2961.62,4600,-9999
07/19/2025 13:15,TOTAL EAST,23314,2228.26,7550,-9999
07/19/2025 13:15,UPNY CONED,23315,4856.98,6985,-9999
07/19/2025 13:15,WEST CENTRAL,23312,277.84,9999,-9999
07/19/2025 13:20,CENTRAL EAST - VC,23330,1246.34,3065,-9999
07/19/2025 13:20,DYSINGER EAST,23326,614.46,3200,-9999
07/19/2025 13:20,MOSES SOUTH,23319,-346.7,3150,-1600
07/19/2025 13:20,SCH - HQ - NY,23324,-770,1500,-980
07/19/2025 13:20,SCH - HQ_CEDARS,325274,-40,270,-40
07/19/2025 13:20,SCH - HQ_IMPORT_EXPORT,325376,-770,1310,-9999
07/19/2025 13:20,SCH - NE - NY,23318,643.09,1400,-1600
07/19/2025 13:20,SCH - NPX_1385,325277,100,125,-125
07/19/2025 13:20,SCH - NPX_CSC,325154,330,330,-330
07/19/2025 13:20,SCH - OH - NY,23317,1108.09,2000,-1600
07/19/2025 13:20,SCH - PJ - NY,23316,31.94,2000,-1050
07/19/2025 13:20,SCH - PJM_HTP,325905,660,660,-660
07/19/2025 13:20,SCH - PJM_NEPTUNE,325305,660,660,-660
07/19/2025 13:20,SCH - PJM_VFT,325658,315,315,-315
07/19/2025 13:20,SPR/DUN-SOUTH,23320,2895.98,4600,-9999
07/19/2025 13:20,TOTAL EAST,23314,2182.7,7550,-9999
07/19/2025 13:20,UPNY CONED,23315,4843.15,6985,-9999
07/19/2025 13:20,WEST CENTRAL,23312,266.98,9999,-9999
07/19/2025 13:25,CENTRAL EAST - VC,23330,1274.95,3065,-9999
07/19/2025 13:25,DYSINGER EAST,23326,629,3200,-9999
07/19/2025 13:25,MOSES SOUTH,23319,-332.2,3150,-1600
07/19/2025 13:25,SCH - HQ - NY,23324,-770,1500,-980
07/19/2025 13:25,SCH - HQ_CEDARS,325274,-40,270,-40
07/19/2025 13:25,SCH - HQ_IMPORT_EXPORT,325376,-770,1310,-9999
07/19/2025 13:25,SCH - NE - NY,23318,643.17,1400,-1600
07/19/2025 13:25,SCH - NPX_1385,325277,100,125,-125
07/19/2025 13:25,SCH - NPX_CSC,325154,330,330,-330
07/19/2025 13:25,SCH - OH - NY,23317,1108.01,2000,-1600
07/19/2025 13:25,SCH - PJ - NY,23316,31.05,2000,-1050
07/19/2025 13:25,SCH - PJM_HTP,325905,660,660,-660
07/19/2025 13:25,SCH - PJM_NEPTUNE,325305,660,660,-660
07/19/2025 13:25,SCH - PJM_VFT,325658,315,315,-315
07/19/2025 13:25,SPR/DUN-SOUTH,23320,2884.78,4600,-9999
07/19/2025 13:25,TOTAL EAST,23314,2163.49,7550,-9999
07/19/2025 13:25,UPNY CONED,23315,4818.1,6985,-9999
07/19/2025 13:25,WEST CENTRAL,23312,277.36,9999,-9999
07/19/2025 13:30,CENTRAL EAST - VC,23330,1254.97,3065,-9999
07/19/2025 13:30,DYSINGER EAST,23326,648.54,3200,-9999
07/19/2025 13:30,MOSES SOUTH,23319,-344.86,3150,-1600
07/19/2025 13:30,SCH - HQ - NY,23324,-770,1500,-980
07/19/2025 13:30,SCH - HQ_CEDARS,325274,-40,270,-40
07/19/2025 13:30,SCH - HQ_IMPORT_EXPORT,325376,-770,1310,-9999
07/19/2025 13:30,SCH - NE - NY,23318,621.12,1400,-1600
07/19/2025 13:30,SCH - NPX_1385,325277,100,125,-125
07/19/2025 13:30,SCH - NPX_CSC,325154,330,330,-330
07/19/2025 13:30,SCH - OH - NY,23317,1104.33,2000,-1600
07/19/2025 13:30,SCH - PJ - NY,23316,45.31,2000,-1050
07/19/2025 13:30,SCH - PJM_HTP,325905,660,660,-660
07/19/2025 13:30,SCH - PJM_NEPTUNE,325305,660,660,-660
07/19/2025 13:30,SCH - PJM_VFT,325658,315,315,-315
07/19/2025 13:30,SPR/DUN-SOUTH,23320,2856.01,4600,-9999
07/19/2025 13:30,TOTAL EAST,23314,2156.06,7550,-9999
07/19/2025 13:30,UPNY CONED,23315,4749.67,6985,-9999
07/19/2025 13:30,WEST CENTRAL,23312,290.72,9999,-9999
07/19/2025 13:35,CENTRAL EAST - VC,23330,1235.32,3065,-9999
07/19/2025 13:35,DYSINGER EAST,23326,631.33,3200,-9999
07/19/2025 13:35,MOSES SOUTH,23319,-354.74,3150,-1600
07/19/2025 13:35,SCH - HQ - NY,23324,-770,1500,-980
07/19/2025 13:35,SCH - HQ_CEDARS,325274,-40,270,-40
07/19/2025 13:35,SCH - HQ_IMPORT_EXPORT,325376,-770,1310,-9999
07/19/2025 13:35,SCH - NE - NY,23318,598.37,1400,-1600
07/19/2025 13:35,SCH - NPX_1385,325277,100,125,-125
07/19/2025 13:35,SCH - NPX_CSC,325154,330,330,-330
07/19/2025 13:35,SCH - OH - NY,23317,1108.06,2000,-1600
07/19/2025 13:35,SCH - PJ - NY,23316,56.87,2000,-1050
07/19/2025 13:35,SCH - PJM_HTP,325905,660,660,-660
07/19/2025 13:35,SCH - PJM_NEPTUNE,325305,660,660,-660
07/19/2025 13:35,SCH - PJM_VFT,325658,315,315,-315
07/19/2025 13:35,SPR/DUN-SOUTH,23320,2840.55,4600,-9999
07/19/2025 13:35,TOTAL EAST,23314,2095.26,7550,-9999
07/19/2025 13:35,UPNY CONED,23315,4662.99,6985,-9999
07/19/2025 13:35,WEST CENTRAL,23312,259.03,9999,-9999
07/19/2025 13:40,CENTRAL EAST - VC,23330,1247.96,3065,-9999
07/19/2025 13:40,DYSINGER EAST,23326,596.9,3200,-9999
07/19/2025 13:40,MOSES SOUTH,23319,-355.16,3150,-1600
07/19/2025 13:40,SCH - HQ - NY,23324,-770,1500,-980
07/19/2025 13:40,SCH - HQ_CEDARS,325274,-40,270,-40
07/19/2025 13:40,SCH - HQ_IMPORT_EXPORT,325376,-770,1310,-9999
07/19/2025 13:40,SCH - NE - NY,23318,597.98,1400,-1600
07/19/2025 13:40,SCH - NPX_1385,325277,100,125,-125
07/19/2025 13:40,SCH - NPX_CSC,325154,330,330,-330
07/19/2025 13:40,SCH - OH - NY,23317,1108.15,2000,-1600
07/19/2025 13:40,SCH - PJ - NY,23316,57.31,2000,-1050
07/19/2025 13:40,SCH - PJM_HTP,325905,660,660,-660
07/19/2025 13:40,SCH - PJM_NEPTUNE,325305,660,660,-660
07/19/2025 13:40,SCH - PJM_VFT,325658,315,315,-315
07/19/2025 13:40,SPR/DUN-SOUTH,23320,2836.89,4600,-9999
07/19/2025 13:40,TOTAL EAST,23314,2089.22,7550,-9999
07/19/2025 13:40,UPNY CONED,23315,4578.95,6985,-9999
07/19/2025 13:40,WEST CENTRAL,23312,217.09,9999,-9999
07/19/2025 13:45,CENTRAL EAST - VC,23330,1247.62,3065,-9999
07/19/2025 13:45,DYSINGER EAST,23326,654.01,3200,-9999
07/19/2025 13:45,MOSES SOUTH,23319,-328.41,3150,-1600
07/19/2025 13:45,SCH - HQ - NY,23324,-770,1500,-980
07/19/2025 13:45,SCH - HQ_CEDARS,325274,-40,270,-40
07/19/2025 13:45,SCH - HQ_IMPORT_EXPORT,325376,-770,1310,-9999
07/19/2025 13:45,SCH - NE - NY,23318,605.28,1400,-1600
07/19/2025 13:45,SCH - NPX_1385,325277,100,125,-125
07/19/2025 13:45,SCH - NPX_CSC,325154,330,330,-330
07/19/2025 13:45,SCH - OH - NY,23317,1103.12,2000,-1600
07/19/2025 13:45,SCH - PJ - NY,23316,61.71,2000,-1050
07/19/2025 13:45,SCH - PJM_HTP,325905,660,660,-660
07/19/2025 13:45,SCH - PJM_NEPTUNE,325305,660,660,-660
07/19/2025 13:45,SCH - PJM_VFT,325658,315,315,-315
07/19/2025 13:45,SPR/DUN-SOUTH,23320,2849.41,4600,-9999
07/19/2025 13:45,TOTAL EAST,23314,2067.6,7550,-9999
07/19/2025 13:45,UPNY CONED,23315,4530.85,6985,-9999
07/19/2025 13:45,WEST CENTRAL,23312,268.58,9999,-9999
07/19/2025 13:50,CENTRAL EAST - VC,23330,1235.97,3065,-9999
07/19/2025 13:50,DYSINGER EAST,23326,630.22,3200,-9999
07/19/2025 13:50,MOSES SOUTH,23319,-372.72,3150,-1600
07/19/2025 13:50,SCH - HQ - NY,23324,-770,1500,-980
07/19/2025 13:50,SCH - HQ_CEDARS,325274,-40,270,-40
07/19/2025 13:50,SCH - HQ_IMPORT_EXPORT,325376,-770,1310,-9999
07/19/2025 13:50,SCH - NE - NY,23318,612.19,1400,-1600
07/19/2025 13:50,SCH - NPX_1385,325277,100,125,-125
07/19/2025 13:50,SCH - NPX_CSC,325154,330,330,-330
07/19/2025 13:50,SCH - OH - NY,23317,1108.11,2000,-1600
07/19/2025 13:50,SCH - PJ - NY,23316,59.07,2000,-1050
07/19/2025 13:50,SCH - PJM_HTP,325905,660,660,-660
07/19/2025 13:50,SCH - PJM_NEPTUNE,325305,660,660,-660
07/19/2025 13:50,SCH - PJM_VFT,325658,315,315,-315
07/19/2025 13:50,SPR/DUN-SOUTH,23320,2892.07,4600,-9999
07/19/2025 13:50,TOTAL EAST,23314,2077.34,7550,-9999
07/19/2025 13:50,UPNY CONED,23315,4509.08,6985,-9999
07/19/2025 13:50,WEST CENTRAL,23312,250.08,9999,-9999
07/19/2025 13:55,CENTRAL EAST - VC,23330,1240.23,3065,-9999
07/19/2025 13:55,DYSINGER EAST,23326,633.81,3200,-9999
07/19/2025 13:55,MOSES SOUTH,23319,-374.4,3150,-1600
07/19/2025 13:55,SCH - HQ - NY,23324,-770,1500,-980
07/19/2025 13:55,SCH - HQ_CEDARS,325274,-40,270,-40
07/19/2025 13:55,SCH - HQ_IMPORT_EXPORT,325376,-770,1310,-9999
07/19/2025 13:55,SCH - NE - NY,23318,612.9,1400,-1600
07/19/2025 13:55,SCH - NPX_1385,325277,100,125,-125
07/19/2025 13:55,SCH - NPX_CSC,325154,330,330,-330
07/19/2025 13:55,SCH - OH - NY,23317,1108.09,2000,-1600
07/19/2025 13:55,SCH - PJ - NY,23316,56.34,2000,-1050
07/19/2025 13:55,SCH - PJM_HTP,325905,660,660,-660
07/19/2025 13:55,SCH - PJM_NEPTUNE,325305,660,660,-660
07/19/2025 13:55,SCH - PJM_VFT,325658,315,315,-315
07/19/2025 13:55,SPR/DUN-SOUTH,23320,2962.12,4600,-9999
07/19/2025 13:55,TOTAL EAST,23314,2069.76,7550,-9999
07/19/2025 13:55,UPNY CONED,23315,4552.53,6985,-9999
07/19/2025 13:55,WEST CENTRAL,23312,251.63,9999,-9999
07/19/2025 14:00,CENTRAL EAST - VC,23330,1189.34,3065,-9999
07/19/2025 14:00,DYSINGER EAST,23326,585.75,3200,-9999
07/19/2025 14:00,MOSES SOUTH,23319,-378.18,3150,-1600
07/19/2025 14:00,SCH - HQ - NY,23324,-770,1500,-980
07/19/2025 14:00,SCH - HQ_CEDARS,325274,-40,270,-40
07/19/2025 14:00,SCH - HQ_IMPORT_EXPORT,325376,-770,1310,-9999
07/19/2025 14:00,SCH - NE - NY,23318,619.01,1400,-1600
07/19/2025 14:00,SCH - NPX_1385,325277,51,125,-125
07/19/2025 14:00,SCH - NPX_CSC,325154,330,330,-330
07/19/2025 14:00,SCH - OH - NY,23317,1058.08,2000,-1600
07/19/2025 14:00,SCH - PJ - NY,23316,87.34,2000,-1050
07/19/2025 14:00,SCH - PJM_HTP,325905,660,660,-660
07/19/2025 14:00,SCH - PJM_NEPTUNE,325305,660,660,-660
07/19/2025 14:00,SCH - PJM_VFT,325658,315,315,-315
07/19/2025 14:00,SPR/DUN-SOUTH,23320,2822.75,4600,-9999
07/19/2025 14:00,TOTAL EAST,23314,2088.57,7550,-9999
07/19/2025 14:00,UPNY CONED,23315,4567.29,6985,-9999
07/19/2025 14:00,WEST CENTRAL,23312,193.23,9999,-9999
07/19/2025 14:05,CENTRAL EAST - VC,23330,1228.1,3065,-9999
07/19/2025 14:05,DYSINGER EAST,23326,575.94,3200,-9999
07/19/2025 14:05,MOSES SOUTH,23319,-403.95,3150,-1600
07/19/2025 14:05,SCH - HQ - NY,23324,-770,1500,-980
07/19/2025 14:05,SCH - HQ_CEDARS,325274,-40,270,-40
07/19/2025 14:05,SCH - HQ_IMPORT_EXPORT,325376,-770,1310,-9999
07/19/2025 14:05,SCH - NE - NY,23318,624.68,1400,-1600
07/19/2025 14:05,SCH - NPX_1385,325277,2,125,-125
07/19/2025 14:05,SCH - NPX_CSC,325154,330,330,-330
07/19/2025 14:05,SCH - OH - NY,23317,1009.09,2000,-1600
07/19/2025 14:05,SCH - PJ - NY,23316,114.65,2000,-1050
07/19/2025 14:05,SCH - PJM_HTP,325905,660,660,-660
07/19/2025 14:05,SCH - PJM_NEPTUNE,325305,660,660,-660
07/19/2025 14:05,SCH - PJM_VFT,325658,315,315,-315
07/19/2025 14:05,SPR/DUN-SOUTH,23320,2867.06,4600,-9999
07/19/2025 14:05,TOTAL EAST,23314,2063.5,7550,-9999
07/19/2025 14:05,UPNY CONED,23315,4614.75,6985,-9999
07/19/2025 14:05,WEST CENTRAL,23312,186.65,9999,-9999
07/19/2025 14:10,CENTRAL EAST - VC,23330,1220.84,3065,-9999
07/19/2025 14:10,DYSINGER EAST,23326,606.55,3200,-9999
07/19/2025 14:10,MOSES SOUTH,23319,-365.73,3150,-1600
07/19/2025 14:10,SCH - HQ - NY,23324,-770,1500,-980
07/19/2025 14:10,SCH - HQ_CEDARS,325274,-40,270,-40
07/19/2025 14:10,SCH - HQ_IMPORT_EXPORT,325376,-770,1310,-9999
07/19/2025 14:10,SCH - NE - NY,23318,624.61,1400,-1600
07/19/2025 14:10,SCH - NPX_1385,325277,2,125,-125
07/19/2025 14:10,SCH - NPX_CSC,325154,330,330,-330
07/19/2025 14:10,SCH - OH - NY,23317,1008.19,2000,-1600
07/19/2025 14:10,SCH - PJ - NY,23316,114.44,2000,-1050
07/19/2025 14:10,SCH - PJM_HTP,325905,660,660,-660
07/19/2025 14:10,SCH - PJM_NEPTUNE,325305,660,660,-660
07/19/2025 14:10,SCH - PJM_VFT,325658,315,315,-315
07/19/2025 14:10,SPR/DUN-SOUTH,23320,2830.58,4600,-9999
07/19/2025 14:10,TOTAL EAST,23314,2016.38,7550,-9999
07/19/2025 14:10,UPNY CONED,23315,4568.04,6985,-9999
07/19/2025 14:10,WEST CENTRAL,23312,212.79,9999,-9999
07/19/2025 14:15,CENTRAL EAST - VC,23330,1242.41,3065,-9999
07/19/2025 14:15,DYSINGER EAST,23326,679.02,3200,-9999
07/19/2025 14:15,MOSES SOUTH,23319,-351.2,3150,-1600
07/19/2025 14:15,SCH - HQ - NY,23324,-770,1500,-980
07/19/2025 14:15,SCH - HQ_CEDARS,325274,-40,270,-40
07/19/2025 14:15,SCH - HQ_IMPORT_EXPORT,325376,-770,1310,-9999
07/19/2025 14:15,SCH - NE - NY,23318,664.86,1400,-1600
07/19/2025 14:15,SCH - NPX_1385,325277,2,125,-125
07/19/2025 14:15,SCH - NPX_CSC,325154,330,330,-330
07/19/2025 14:15,SCH - OH - NY,23317,1013.13,2000,-1600
07/19/2025 14:15,SCH - PJ - NY,23316,136.2,2000,-1050
07/19/2025 14:15,SCH - PJM_HTP,325905,660,660,-660
07/19/2025 14:15,SCH - PJM_NEPTUNE,325305,660,660,-660
07/19/2025 14:15,SCH - PJM_VFT,325658,315,315,-315
07/19/2025 14:15,SPR/DUN-SOUTH,23320,2812.66,4600,-9999
07/19/2025 14:15,TOTAL EAST,23314,2011.67,7550,-9999
07/19/2025 14:15,UPNY CONED,23315,4614.58,6985,-9999
07/19/2025 14:15,WEST CENTRAL,23312,281.41,9999,-9999
07/19/2025 14:20,CENTRAL EAST - VC,23330,1211.89,3065,-9999
07/19/2025 14:20,DYSINGER EAST,23326,680.32,3200,-9999
07/19/2025 14:20,MOSES SOUTH,23319,-355.77,3150,-1600
07/19/2025 14:20,SCH - HQ - NY,23324,-770,1500,-980
07/19/2025 14:20,SCH - HQ_CEDARS,325274,-40,270,-40
07/19/2025 14:20,SCH - HQ_IMPORT_EXPORT,325376,-770,1310,-9999
07/19/2025 14:20,SCH - NE - NY,23318,705.04,1400,-1600
07/19/2025 14:20,SCH - NPX_1385,325277,2,125,-125
07/19/2025 14:20,SCH - NPX_CSC,325154,330,330,-330
07/19/2025 14:20,SCH - OH - NY,23317,1013.09,2000,-1600
07/19/2025 14:20,SCH - PJ - NY,23316,153.73,2000,-1050
07/19/2025 14:20,SCH - PJM_HTP,325905,660,660,-660
07/19/2025 14:20,SCH - PJM_NEPTUNE,325305,660,660,-660
07/19/2025 14:20,SCH - PJM_VFT,325658,315,315,-315
07/19/2025 14:20,SPR/DUN-SOUTH,23320,2775.99,4600,-9999
07/19/2025 14:20,TOTAL EAST,23314,2001.64,7550,-9999
07/19/2025 14:20,UPNY CONED,23315,4643.78,6985,-9999
07/19/2025 14:20,WEST CENTRAL,23312,279.7,9999,-9999
07/19/2025 14:25,CENTRAL EAST - VC,23330,1239.75,3065,-9999
07/19/2025 14:25,DYSINGER EAST,23326,675.49,3200,-9999
07/19/2025 14:25,MOSES SOUTH,23319,-321.31,3150,-1600
07/19/2025 14:25,SCH - HQ - NY,23324,-770,1500,-980
07/19/2025 14:25,SCH - HQ_CEDARS,325274,-40,270,-40
07/19/2025 14:25,SCH - HQ_IMPORT_EXPORT,325376,-770,1310,-9999
07/19/2025 14:25,SCH - NE - NY,23318,705.08,1400,-1600
07/19/2025 14:25,SCH - NPX_1385,325277,2,125,-125
07/19/2025 14:25,SCH - NPX_CSC,325154,330,330,-330
07/19/2025 14:25,SCH - OH - NY,23317,1008.87,2000,-1600
07/19/2025 14:25,SCH - PJ - NY,23316,158.4,2000,-1050
07/19/2025 14:25,SCH - PJM_HTP,325905,660,660,-660
07/19/2025 14:25,SCH - PJM_NEPTUNE,325305,660,660,-660
07/19/2025 14:25,SCH - PJM_VFT,325658,315,315,-315
07/19/2025 14:25,SPR/DUN-SOUTH,23320,2817.38,4600,-9999
07/19/2025 14:25,TOTAL EAST,23314,1989.4,7550,-9999
07/19/2025 14:25,UPNY CONED,23315,4625.09,6985,-9999
07/19/2025 14:25,WEST CENTRAL,23312,262.07,9999,-9999
07/19/2025 14:30,CENTRAL EAST - VC,23330,1207.54,3065,-9999
07/19/2025 14:30,DYSINGER EAST,23326,677.71,3200,-9999
07/19/2025 14:30,MOSES SOUTH,23319,-308.28,3150,-1600
07/19/2025 14:30,SCH - HQ - NY,23324,-770,1500,-980
07/19/2025 14:30,SCH - HQ_CEDARS,325274,-40,270,-40
07/19/2025 14:30,SCH - HQ_IMPORT_EXPORT,325376,-770,1310,-9999
07/19/2025 14:30,SCH - NE - NY,23318,706.42,1400,-1600
07/19/2025 14:30,SCH - NPX_1385,325277,2,125,-125
07/19/2025 14:30,SCH - NPX_CSC,325154,330,330,-330
07/19/2025 14:30,SCH - OH - NY,23317,1008.82,2000,-1600
07/19/2025 14:30,SCH - PJ - NY,23316,160.2,2000,-1050
07/19/2025 14:30,SCH - PJM_HTP,325905,660,660,-660
07/19/2025 14:30,SCH - PJM_NEPTUNE,325305,660,660,-660
07/19/2025 14:30,SCH - PJM_VFT,325658,315,315,-315
07/19/2025 14:30,SPR/DUN-SOUTH,23320,2820.56,4600,-9999
07/19/2025 14:30,TOTAL EAST,23314,1990.42,7550,-9999
07/19/2025 14:30,UPNY CONED,23315,4622.14,6985,-9999
07/19/2025 14:30,WEST CENTRAL,23312,261.37,9999,-9999
07/19/2025 14:35,CENTRAL EAST - VC,23330,1219.6,3065,-9999
07/19/2025 14:35,DYSINGER EAST,23326,693.14,3200,-9999
07/19/2025 14:35,MOSES SOUTH,23319,-319.8,3150,-1600
07/19/2025 14:35,SCH - HQ - NY,23324,-770,1500,-980
07/19/2025 14:35,SCH - HQ_CEDARS,325274,-40,270,-40
07/19/2025 14:35,SCH - HQ_IMPORT_EXPORT,325376,-770,1310,-9999
07/19/2025 14:35,SCH - NE - NY,23318,707.09,1400,-1600
07/19/2025 14:35,SCH - NPX_1385,325277,2,125,-125
07/19/2025 14:35,SCH - NPX_CSC,325154,330,330,-330
07/19/2025 14:35,SCH - OH - NY,23317,1008.84,2000,-1600
07/19/2025 14:35,SCH - PJ - NY,23316,157.92,2000,-1050
07/19/2025 14:35,SCH - PJM_HTP,325905,660,660,-660
07/19/2025 14:35,SCH - PJM_NEPTUNE,325305,660,660,-660
07/19/2025 14:35,SCH - PJM_VFT,325658,315,315,-315
07/19/2025 14:35,SPR/DUN-SOUTH,23320,2838.68,4600,-9999
07/19/2025 14:35,TOTAL EAST,23314,1937.69,7550,-9999
07/19/2025 14:35,UPNY CONED,23315,4578.61,6985,-9999
07/19/2025 14:35,WEST CENTRAL,23312,271.64,9999,-9999
07/19/2025 14:40,CENTRAL EAST - VC,23330,1217.3,3065,-9999
07/19/2025 14:40,DYSINGER EAST,23326,704.3,3200,-9999
07/19/2025 14:40,MOSES SOUTH,23319,-326.84,3150,-1600
07/19/2025 14:40,SCH - HQ - NY,23324,-770,1500,-980
07/19/2025 14:40,SCH - HQ_CEDARS,325274,-40,270,-40
07/19/2025 14:40,SCH - HQ_IMPORT_EXPORT,325376,-770,1310,-9999
07/19/2025 14:40,SCH - NE - NY,23318,706.87,1400,-1600
07/19/2025 14:40,SCH - NPX_1385,325277,2,125,-125
07/19/2025 14:40,SCH - NPX_CSC,325154,330,330,-330
07/19/2025 14:40,SCH - OH - NY,23317,1008.85,2000,-1600
07/19/2025 14:40,SCH - PJ - NY,23316,160.18,2000,-1050
07/19/2025 14:40,SCH - PJM_HTP,325905,660,660,-660
07/19/2025 14:40,SCH - PJM_NEPTUNE,325305,660,660,-660
07/19/2025 14:40,SCH - PJM_VFT,325658,315,315,-315
07/19/2025 14:40,SPR/DUN-SOUTH,23320,2844.32,4600,-9999
07/19/2025 14:40,TOTAL EAST,23314,1912.83,7550,-9999
07/19/2025 14:40,UPNY CONED,23315,4565.98,6985,-9999
07/19/2025 14:40,WEST CENTRAL,23312,275.8,9999,-9999
07/19/2025 14:45,CENTRAL EAST - VC,23330,1258.47,3065,-9999
07/19/2025 14:45,DYSINGER EAST,23326,739.17,3200,-9999
07/19/2025 14:45,MOSES SOUTH,23319,-314.18,3150,-1600
07/19/2025 14:45,SCH - HQ - NY,23324,-770,1500,-980
07/19/2025 14:45,SCH - HQ_CEDARS,325274,-40,270,-40
07/19/2025 14:45,SCH - HQ_IMPORT_EXPORT,325376,-770,1310,-9999
07/19/2025 14:45,SCH - NE - NY,23318,790.23,1400,-1600
07/19/2025 14:45,SCH - NPX_1385,325277,2,125,-125
07/19/2025 14:45,SCH - NPX_CSC,325154,330,330,-330
07/19/2025 14:45,SCH - OH - NY,23317,1008.82,2000,-1600
07/19/2025 14:45,SCH - PJ - NY,23316,159.49,2000,-1050
07/19/2025 14:45,SCH - PJM_HTP,325905,660,660,-660
07/19/2025 14:45,SCH - PJM_NEPTUNE,325305,660,660,-660
07/19/2025 14:45,SCH - PJM_VFT,325658,315,315,-315
07/19/2025 14:45,SPR/DUN-SOUTH,23320,2858.69,4600,-9999
07/19/2025 14:45,TOTAL EAST,23314,1907.41,7550,-9999
07/19/2025 14:45,UPNY CONED,23315,4617.85,6985,-9999
07/19/2025 14:45,WEST CENTRAL,23312,301.29,9999,-9999
07/19/2025 14:50,CENTRAL EAST - VC,23330,1261.19,3065,-9999
07/19/2025 14:50,DYSINGER EAST,23326,738.93,3200,-9999
07/19/2025 14:50,MOSES SOUTH,23319,-311.68,3150,-1600
07/19/2025 14:50,SCH - HQ - NY,23324,-770,1500,-980
07/19/2025 14:50,SCH - HQ_CEDARS,325274,-40,270,-40
07/19/2025 14:50,SCH - HQ_IMPORT_EXPORT,325376,-770,1310,-9999
07/19/2025 14:50,SCH - NE - NY,23318,874.08,1400,-1600
07/19/2025 14:50,SCH - NPX_1385,325277,2,125,-125
07/19/2025 14:50,SCH - NPX_CSC,325154,330,330,-330
07/19/2025 14:50,SCH - OH - NY,23317,1008.85,2000,-1600
07/19/2025 14:50,SCH - PJ - NY,23316,160.15,2000,-1050
07/19/2025 14:50,SCH - PJM_HTP,325905,660,660,-660
07/19/2025 14:50,SCH - PJM_NEPTUNE,325305,660,660,-660
07/19/2025 14:50,SCH - PJM_VFT,325658,315,315,-315
07/19/2025 14:50,SPR/DUN-SOUTH,23320,2850.33,4600,-9999
07/19/2025 14:50,TOTAL EAST,23314,1888.65,7550,-9999
07/19/2025 14:50,UPNY CONED,23315,4615.17,6985,-9999
07/19/2025 14:50,WEST CENTRAL,23312,293,9999,-9999
07/19/2025 14:55,CENTRAL EAST - VC,23330,1259.06,3065,-9999
07/19/2025 14:55,DYSINGER EAST,23326,724.54,3200,-9999
07/19/2025 14:55,MOSES SOUTH,23319,-303.2,3150,-1600
07/19/2025 14:55,SCH - HQ - NY,23324,-770,1500,-980
07/19/2025 14:55,SCH - HQ_CEDARS,325274,-40,270,-40
07/19/2025 14:55,SCH - HQ_IMPORT_EXPORT,325376,-770,1310,-9999
07/19/2025 14:55,SCH - NE - NY,23318,874.24,1400,-1600
07/19/2025 14:55,SCH - NPX_1385,325277,2,125,-125
07/19/2025 14:55,SCH - NPX_CSC,325154,330,330,-330
07/19/2025 14:55,SCH - OH - NY,23317,1008.86,2000,-1600
07/19/2025 14:55,SCH - PJ - NY,23316,158.94,2000,-1050
07/19/2025 14:55,SCH - PJM_HTP,325905,660,660,-660
07/19/2025 14:55,SCH - PJM_NEPTUNE,325305,660,660,-660
07/19/2025 14:55,SCH - PJM_VFT,325658,315,315,-315
07/19/2025 14:55,SPR/DUN-SOUTH,23320,2842.87,4600,-9999
07/19/2025 14:55,TOTAL EAST,23314,1913.78,7550,-9999
07/19/2025 14:55,UPNY CONED,23315,4627.65,6985,-9999
07/19/2025 14:55,WEST CENTRAL,23312,276.95,9999,-9999
07/19/2025 15:00,CENTRAL EAST - VC,23330,1269.76,3065,-9999
07/19/2025 15:00,DYSINGER EAST,23326,704.24,3200,-9999
07/19/2025 15:00,MOSES SOUTH,23319,-297.96,3150,-1600
07/19/2025 15:00,SCH - HQ - NY,23324,-770,1500,-980
07/19/2025 15:00,SCH - HQ_CEDARS,325274,-40,270,-40
07/19/2025 15:00,SCH - HQ_IMPORT_EXPORT,325376,-770,1310,-9999
07/19/2025 15:00,SCH - NE - NY,23318,891.04,1400,-1600
07/19/2025 15:00,SCH - NPX_1385,325277,18,125,-125
07/19/2025 15:00,SCH - NPX_CSC,325154,330,330,-330
07/19/2025 15:00,SCH - OH - NY,23317,979.88,2000,-1600
07/19/2025 15:00,SCH - PJ - NY,23316,294.41,2000,-1050
07/19/2025 15:00,SCH - PJM_HTP,325905,660,660,-660
07/19/2025 15:00,SCH - PJM_NEPTUNE,325305,660,660,-660
07/19/2025 15:00,SCH - PJM_VFT,325658,315,315,-315
07/19/2025 15:00,SPR/DUN-SOUTH,23320,2830.06,4600,-9999
07/19/2025 15:00,TOTAL EAST,23314,2040.52,7550,-9999
07/19/2025 15:00,UPNY CONED,23315,4677.9,6985,-9999
07/19/2025 15:00,WEST CENTRAL,23312,236.11,9999,-9999
07/19/2025 15:05,CENTRAL EAST - VC,23330,1338.76,3065,-9999
07/19/2025 15:05,DYSINGER EAST,23326,713.28,3200,-9999
07/19/2025 15:05,MOSES SOUTH,23319,-287.42,3150,-1600
07/19/2025 15:05,SCH - HQ - NY,23324,-770,1500,-980
07/19/2025 15:05,SCH - HQ_CEDARS,325274,-40,270,-40
07/19/2025 15:05,SCH - HQ_IMPORT_EXPORT,325376,-770,1310,-9999
07/19/2025 15:05,SCH - NE - NY,23318,908.43,1400,-1600
07/19/2025 15:05,SCH - NPX_1385,325277,35,125,-125
07/19/2025 15:05,SCH - NPX_CSC,325154,330,330,-330
07/19/2025 15:05,SCH - OH - NY,23317,951.87,2000,-1600
07/19/2025 15:05,SCH - PJ - NY,23316,426.89,2000,-1050
07/19/2025 15:05,SCH - PJM_HTP,325905,660,660,-660
07/19/2025 15:05,SCH - PJM_NEPTUNE,325305,660,660,-660
07/19/2025 15:05,SCH - PJM_VFT,325658,315,315,-315
07/19/2025 15:05,SPR/DUN-SOUTH,23320,2850.77,4600,-9999
07/19/2025 15:05,TOTAL EAST,23314,2128.8,7550,-9999
07/19/2025 15:05,UPNY CONED,23315,4627.02,6985,-9999
07/19/2025 15:05,WEST CENTRAL,23312,239.88,9999,-9999
07/19/2025 15:10,CENTRAL EAST - VC,23330,1351.85,3065,-9999
07/19/2025 15:10,DYSINGER EAST,23326,725.8,3200,-9999
07/19/2025 15:10,MOSES SOUTH,23319,-267.55,3150,-1600
07/19/2025 15:10,SCH - HQ - NY,23324,-770,1500,-980
07/19/2025 15:10,SCH - HQ_CEDARS,325274,-40,270,-40
07/19/2025 15:10,SCH - HQ_IMPORT_EXPORT,325376,-770,1310,-9999
07/19/2025 15:10,SCH - NE - NY,23318,908.7,1400,-1600
07/19/2025 15:10,SCH - NPX_1385,325277,35,125,-125
07/19/2025 15:10,SCH - NPX_CSC,325154,330,330,-330
07/19/2025 15:10,SCH - OH - NY,23317,951.84,2000,-1600
07/19/2025 15:10,SCH - PJ - NY,23316,428.64,2000,-1050
07/19/2025 15:10,SCH - PJM_HTP,325905,660,660,-660
07/19/2025 15:10,SCH - PJM_NEPTUNE,325305,660,660,-660
07/19/2025 15:10,SCH - PJM_VFT,325658,315,315,-315
07/19/2025 15:10,SPR/DUN-SOUTH,23320,2859.56,4600,-9999
07/19/2025 15:10,TOTAL EAST,23314,2098.9,7550,-9999
07/19/2025 15:10,UPNY CONED,23315,4654.34,6985,-9999
07/19/2025 15:10,WEST CENTRAL,23312,243.61,9999,-9999
07/19/2025 15:15,CENTRAL EAST - VC,23330,1290.16,3065,-9999
07/19/2025 15:15,DYSINGER EAST,23326,738.26,3200,-9999
07/19/2025 15:15,MOSES SOUTH,23319,-264.24,3150,-1600
07/19/2025 15:15,SCH - HQ - NY,23324,-770,1500,-980
07/19/2025 15:15,SCH - HQ_CEDARS,325274,-40,270,-40
07/19/2025 15:15,SCH - HQ_IMPORT_EXPORT,325376,-770,1310,-9999
07/19/2025 15:15,SCH - NE - NY,23318,879.1,1400,-1600
07/19/2025 15:15,SCH - NPX_1385,325277,35,125,-125
07/19/2025 15:15,SCH - NPX_CSC,325154,330,330,-330
07/19/2025 15:15,SCH - OH - NY,23317,951.83,2000,-1600
07/19/2025 15:15,SCH - PJ - NY,23316,447.9,2000,-1050
07/19/2025 15:15,SCH - PJM_HTP,325905,660,660,-660
07/19/2025 15:15,SCH - PJM_NEPTUNE,325305,660,660,-660
07/19/2025 15:15,SCH - PJM_VFT,325658,315,315,-315
07/19/2025 15:15,SPR/DUN-SOUTH,23320,2812.01,4600,-9999
07/19/2025 15:15,TOTAL EAST,23314,2116.82,7550,-9999
07/19/2025 15:15,UPNY CONED,23315,4652.74,6985,-9999
07/19/2025 15:15,WEST CENTRAL,23312,253.09,9999,-9999
07/19/2025 15:20,CENTRAL EAST - VC,23330,1274.89,3065,-9999
07/19/2025 15:20,DYSINGER EAST,23326,721.83,3200,-9999
07/19/2025 15:20,MOSES SOUTH,23319,-271.64,3150,-1600
07/19/2025 15:20,SCH - HQ - NY,23324,-770,1500,-980
07/19/2025 15:20,SCH - HQ_CEDARS,325274,-40,270,-40
07/19/2025 15:20,SCH - HQ_IMPORT_EXPORT,325376,-770,1310,-9999
07/19/2025 15:20,SCH - NE - NY,23318,849.65,1400,-1600
07/19/2025 15:20,SCH - NPX_1385,325277,35,125,-125
07/19/2025 15:20,SCH - NPX_CSC,325154,330,330,-330
07/19/2025 15:20,SCH - OH - NY,23317,951.85,2000,-1600
07/19/2025 15:20,SCH - PJ - NY,23316,473.3,2000,-1050
07/19/2025 15:20,SCH - PJM_HTP,325905,660,660,-660
07/19/2025 15:20,SCH - PJM_NEPTUNE,325305,660,660,-660
07/19/2025 15:20,SCH - PJM_VFT,325658,315,315,-315
07/19/2025 15:20,SPR/DUN-SOUTH,23320,2791.86,4600,-9999
07/19/2025 15:20,TOTAL EAST,23314,2121,7550,-9999
07/19/2025 15:20,UPNY CONED,23315,4610.19,6985,-9999
07/19/2025 15:20,WEST CENTRAL,23312,227.96,9999,-9999
07/19/2025 15:25,CENTRAL EAST - VC,23330,1255.55,3065,-9999
07/19/2025 15:25,DYSINGER EAST,23326,703.84,3200,-9999
07/19/2025 15:25,MOSES SOUTH,23319,-274.97,3150,-1600
07/19/2025 15:25,SCH - HQ - NY,23324,-770,1500,-980
07/19/2025 15:25,SCH - HQ_CEDARS,325274,-40,270,-40
07/19/2025 15:25,SCH - HQ_IMPORT_EXPORT,325376,-770,1310,-9999
07/19/2025 15:25,SCH - NE - NY,23318,849.61,1400,-1600
07/19/2025 15:25,SCH - NPX_1385,325277,35,125,-125
07/19/2025 15:25,SCH - NPX_CSC,325154,330,330,-330
07/19/2025 15:25,SCH - OH - NY,23317,951.86,2000,-1600
07/19/2025 15:25,SCH - PJ - NY,23316,479.89,2000,-1050
07/19/2025 15:25,SCH - PJM_HTP,325905,660,660,-660
07/19/2025 15:25,SCH - PJM_NEPTUNE,325305,660,660,-660
07/19/2025 15:25,SCH - PJM_VFT,325658,315,315,-315
07/19/2025 15:25,SPR/DUN-SOUTH,23320,2802.71,4600,-9999
07/19/2025 15:25,TOTAL EAST,23314,2069.82,7550,-9999
07/19/2025 15:25,UPNY CONED,23315,4528.44,6985,-9999
07/19/2025 15:25,WEST CENTRAL,23312,195.25,9999,-9999
07/19/2025 15:30,CENTRAL EAST - VC,23330,1203.06,3065,-9999
07/19/2025 15:30,DYSINGER EAST,23326,673.64,3200,-9999
07/19/2025 15:30,MOSES SOUTH,23319,-308.13,3150,-1600
07/19/2025 15:30,SCH - HQ - NY,23324,-770,1500,-980
07/19/2025 15:30,SCH - HQ_CEDARS,325274,-40,270,-40
07/19/2025 15:30,SCH - HQ_IMPORT_EXPORT,325376,-770,1310,-9999
07/19/2025 15:30,SCH - NE - NY,23318,773.11,1400,-1600
07/19/2025 15:30,SCH - NPX_1385,325277,35,125,-125
07/19/2025 15:30,SCH - NPX_CSC,325154,330,330,-330
07/19/2025 15:30,SCH - OH - NY,23317,951.9,2000,-1600
07/19/2025 15:30,SCH - PJ - NY,23316,475.6,2000,-1050
07/19/2025 15:30,SCH - PJM_HTP,325905,660,660,-660
07/19/2025 15:30,SCH - PJM_NEPTUNE,325305,660,660,-660
07/19/2025 15:30,SCH - PJM_VFT,325658,315,315,-315
07/19/2025 15:30,SPR/DUN-SOUTH,23320,2656.23,4600,-9999
07/19/2025 15:30,TOTAL EAST,23314,2023.78,7550,-9999
07/19/2025 15:30,UPNY CONED,23315,4437.42,6985,-9999
07/19/2025 15:30,WEST CENTRAL,23312,151.47,9999,-9999
07/19/2025 15:35,CENTRAL EAST - VC,23330,1168.03,3065,-9999
07/19/2025 15:35,DYSINGER EAST,23326,703.79,3200,-9999
07/19/2025 15:35,MOSES SOUTH,23319,-388.38,3150,-1600
07/19/2025 15:35,SCH - HQ - NY,23324,-770,1500,-980
07/19/2025 15:35,SCH - HQ_CEDARS,325274,-40,270,-40
07/19/2025 15:35,SCH - HQ_IMPORT_EXPORT,325376,-770,1310,-9999
07/19/2025 15:35,SCH - NE - NY,23318,696.89,1400,-1600
07/19/2025 15:35,SCH - NPX_1385,325277,35,125,-125
07/19/2025 15:35,SCH - NPX_CSC,325154,330,330,-330
07/19/2025 15:35,SCH - OH - NY,23317,952.45,2000,-1600
07/19/2025 15:35,SCH - PJ - NY,23316,482.14,2000,-1050
07/19/2025 15:35,SCH - PJM_HTP,325905,660,660,-660
07/19/2025 15:35,SCH - PJM_NEPTUNE,325305,660,660,-660
07/19/2025 15:35,SCH - PJM_VFT,325658,315,315,-315
07/19/2025 15:35,SPR/DUN-SOUTH,23320,2632.27,4600,-9999
07/19/2025 15:35,TOTAL EAST,23314,2059.42,7550,-9999
07/19/2025 15:35,UPNY CONED,23315,4352.36,6985,-9999
07/19/2025 15:35,WEST CENTRAL,23312,179.37,9999,-9999
07/19/2025 15:40,CENTRAL EAST - VC,23330,1105.39,3065,-9999
07/19/2025 15:40,DYSINGER EAST,23326,568.57,3200,-9999
07/19/2025 15:40,MOSES SOUTH,23319,-412.84,3150,-1600
07/19/2025 15:40,SCH - HQ - NY,23324,-770,1500,-980
07/19/2025 15:40,SCH - HQ_CEDARS,325274,-40,270,-40
07/19/2025 15:40,SCH - HQ_IMPORT_EXPORT,325376,-770,1310,-9999
07/19/2025 15:40,SCH - NE - NY,23318,696.97,1400,-1600
07/19/2025 15:40,SCH - NPX_1385,325277,35,125,-125
07/19/2025 15:40,SCH - NPX_CSC,325154,330,330,-330
07/19/2025 15:40,SCH - OH - NY,23317,952.16,2000,-1600
07/19/2025 15:40,SCH - PJ - NY,23316,481.06,2000,-1050
07/19/2025 15:40,SCH - PJM_HTP,325905,660,660,-660
07/19/2025 15:40,SCH - PJM_NEPTUNE,325305,660,660,-660
07/19/2025 15:40,SCH - PJM_VFT,325658,315,315,-315
07/19/2025 15:40,SPR/DUN-SOUTH,23320,2636.87,4600,-9999
07/19/2025 15:40,TOTAL EAST,23314,2002.72,7550,-9999
07/19/2025 15:40,UPNY CONED,23315,4322.22,6985,-9999
07/19/2025 15:40,WEST CENTRAL,23312,36.59,9999,-9999
07/19/2025 15:45,CENTRAL EAST - VC,23330,1123.2,3065,-9999
07/19/2025 15:45,DYSINGER EAST,23326,604.3,3200,-9999
07/19/2025 15:45,MOSES SOUTH,23319,-439.2,3150,-1600
07/19/2025 15:45,SCH - HQ - NY,23324,-770,1500,-980
07/19/2025 15:45,SCH - HQ_CEDARS,325274,-40,270,-40
07/19/2025 15:45,SCH - HQ_IMPORT_EXPORT,325376,-770,1310,-9999
07/19/2025 15:45,SCH - NE - NY,23318,677.02,1400,-1600
07/19/2025 15:45,SCH - NPX_1385,325277,35,125,-125
07/19/2025 15:45,SCH - NPX_CSC,325154,330,330,-330
07/19/2025 15:45,SCH - OH - NY,23317,952.26,2000,-1600
07/19/2025 15:45,SCH - PJ - NY,23316,478.98,2000,-1050
07/19/2025 15:45,SCH - PJM_HTP,325905,660,660,-660
07/19/2025 15:45,SCH - PJM_NEPTUNE,325305,660,660,-660
07/19/2025 15:45,SCH - PJM_VFT,325658,315,315,-315
07/19/2025 15:45,SPR/DUN-SOUTH,23320,2685.54,4600,-9999
07/19/2025 15:45,TOTAL EAST,23314,2043.51,7550,-9999
07/19/2025 15:45,UPNY CONED,23315,4322.91,6985,-9999
07/19/2025 15:45,WEST CENTRAL,23312,74.99,9999,-9999
07/19/2025 15:50,CENTRAL EAST - VC,23330,1145.17,3065,-9999
07/19/2025 15:50,DYSINGER EAST,23326,590.86,3200,-9999
07/19/2025 15:50,MOSES SOUTH,23319,-446.34,3150,-1600
07/19/2025 15:50,SCH - HQ - NY,23324,-770,1500,-980
07/19/2025 15:50,SCH - HQ_CEDARS,325274,-40,270,-40
07/19/2025 15:50,SCH - HQ_IMPORT_EXPORT,325376,-770,1310,-9999
07/19/2025 15:50,SCH - NE - NY,23318,657.25,1400,-1600
07/19/2025 15:50,SCH - NPX_1385,325277,35,125,-125
07/19/2025 15:50,SCH - NPX_CSC,325154,330,330,-330
07/19/2025 15:50,SCH - OH - NY,23317,952.19,2000,-1600
07/19/2025 15:50,SCH - PJ - NY,23316,476.96,2000,-1050
07/19/2025 15:50,SCH - PJM_HTP,325905,660,660,-660
07/19/2025 15:50,SCH - PJM_NEPTUNE,325305,660,660,-660
07/19/2025 15:50,SCH - PJM_VFT,325658,315,315,-315
07/19/2025 15:50,SPR/DUN-SOUTH,23320,2720.22,4600,-9999
07/19/2025 15:50,TOTAL EAST,23314,1961.76,7550,-9999
07/19/2025 15:50,UPNY CONED,23315,4279.59,6985,-9999
07/19/2025 15:50,WEST CENTRAL,23312,66.66,9999,-9999
07/19/2025 15:55,CENTRAL EAST - VC,23330,1134.73,3065,-9999
07/19/2025 15:55,DYSINGER EAST,23326,543.96,3200,-9999
07/19/2025 15:55,MOSES SOUTH,23319,-445.16,3150,-1600
07/19/2025 15:55,SCH - HQ - NY,23324,-770,1500,-980
07/19/2025 15:55,SCH - HQ_CEDARS,325274,-40,270,-40
07/19/2025 15:55,SCH - HQ_IMPORT_EXPORT,325376,-770,1310,-9999
07/19/2025 15:55,SCH - NE - NY,23318,658.04,1400,-1600
07/19/2025 15:55,SCH - NPX_1385,325277,35,125,-125
07/19/2025 15:55,SCH - NPX_CSC,325154,330,330,-330
07/19/2025 15:55,SCH - OH - NY,23317,952.2,2000,-1600
07/19/2025 15:55,SCH - PJ - NY,23316,477.04,2000,-1050
07/19/2025 15:55,SCH - PJM_HTP,325905,660,660,-660
07/19/2025 15:55,SCH - PJM_NEPTUNE,325305,660,660,-660
07/19/2025 15:55,SCH - PJM_VFT,325658,315,315,-315
07/19/2025 15:55,SPR/DUN-SOUTH,23320,2738.65,4600,-9999
07/19/2025 15:55,TOTAL EAST,23314,1951.94,7550,-9999
07/19/2025 15:55,UPNY CONED,23315,4269.23,6985,-9999
07/19/2025 15:55,WEST CENTRAL,23312,20.01,9999,-9999
07/19/2025 16:00,CENTRAL EAST - VC,23330,1158.01,3065,-9999
07/19/2025 16:00,DYSINGER EAST,23326,674.89,3200,-9999
07/19/2025 16:00,MOSES SOUTH,23319,-434.35,3150,-1600
07/19/2025 16:00,SCH - HQ - NY,23324,-770,1500,-980
07/19/2025 16:00,SCH - HQ_CEDARS,325274,-40,270,-40
07/19/2025 16:00,SCH - HQ_IMPORT_EXPORT,325376,-770,1310,-9999
07/19/2025 16:00,SCH - NE - NY,23318,677.12,1400,-1600
07/19/2025 16:00,SCH - NPX_1385,325277,30,125,-125
07/19/2025 16:00,SCH - NPX_CSC,325154,330,330,-330
07/19/2025 16:00,SCH - OH - NY,23317,900.11,2000,-1600
07/19/2025 16:00,SCH - PJ - NY,23316,456.96,2000,-1050
07/19/2025 16:00,SCH - PJM_HTP,325905,660,660,-660
07/19/2025 16:00,SCH - PJM_NEPTUNE,325305,660,660,-660
07/19/2025 16:00,SCH - PJM_VFT,325658,315,315,-315
07/19/2025 16:00,SPR/DUN-SOUTH,23320,2848.71,4600,-9999
07/19/2025 16:00,TOTAL EAST,23314,1948.44,7550,-9999
07/19/2025 16:00,UPNY CONED,23315,4164.95,6985,-9999
07/19/2025 16:00,WEST CENTRAL,23312,145.8,9999,-9999
07/19/2025 16:05,CENTRAL EAST - VC,23330,1141.51,3065,-9999
07/19/2025 16:05,DYSINGER EAST,23326,677.93,3200,-9999
07/19/2025 16:05,MOSES SOUTH,23319,-443.34,3150,-1600
07/19/2025 16:05,SCH - HQ - NY,23324,-770,1500,-980
07/19/2025 16:05,SCH - HQ_CEDARS,325274,-40,270,-40
07/19/2025 16:05,SCH - HQ_IMPORT_EXPORT,325376,-770,1310,-9999
07/19/2025 16:05,SCH - NE - NY,23318,694.68,1400,-1600
07/19/2025 16:05,SCH - NPX_1385,325277,24,125,-125
07/19/2025 16:05,SCH - NPX_CSC,325154,330,330,-330
07/19/2025 16:05,SCH - OH - NY,23317,848.1,2000,-1600
07/19/2025 16:05,SCH - PJ - NY,23316,442.49,2000,-1050
07/19/2025 16:05,SCH - PJM_HTP,325905,660,660,-660
07/19/2025 16:05,SCH - PJM_NEPTUNE,325305,660,660,-660
07/19/2025 16:05,SCH - PJM_VFT,325658,315,315,-315
07/19/2025 16:05,SPR/DUN-SOUTH,23320,2797.41,4600,-9999
07/19/2025 16:05,TOTAL EAST,23314,1866.31,7550,-9999
07/19/2025 16:05,UPNY CONED,23315,4114.3,6985,-9999
07/19/2025 16:05,WEST CENTRAL,23312,139.79,9999,-9999
07/19/2025 16:10,CENTRAL EAST - VC,23330,1134.62,3065,-9999
07/19/2025 16:10,DYSINGER EAST,23326,664.4,3200,-9999
07/19/2025 16:10,MOSES SOUTH,23319,-412.61,3150,-1600
07/19/2025 16:10,SCH - HQ - NY,23324,-770,1500,-980
07/19/2025 16:10,SCH - HQ_CEDARS,325274,-40,270,-40
07/19/2025 16:10,SCH - HQ_IMPORT_EXPORT,325376,-770,1310,-9999
07/19/2025 16:10,SCH - NE - NY,23318,694.22,1400,-1600
07/19/2025 16:10,SCH - NPX_1385,325277,24,125,-125
07/19/2025 16:10,SCH - NPX_CSC,325154,330,330,-330
07/19/2025 16:10,SCH - OH - NY,23317,848.11,2000,-1600
07/19/2025 16:10,SCH - PJ - NY,23316,442.9,2000,-1050
07/19/2025 16:10,SCH - PJM_HTP,325905,660,660,-660
07/19/2025 16:10,SCH - PJM_NEPTUNE,325305,660,660,-660
07/19/2025 16:10,SCH - PJM_VFT,325658,315,315,-315
07/19/2025 16:10,SPR/DUN-SOUTH,23320,2732.17,4600,-9999
07/19/2025 16:10,TOTAL EAST,23314,1833.29,7550,-9999
07/19/2025 16:10,UPNY CONED,23315,4073.98,6985,-9999
07/19/2025 16:10,WEST CENTRAL,23312,110.59,9999,-9999
07/19/2025 16:15,CENTRAL EAST - VC,23330,1101.76,3065,-9999
07/19/2025 16:15,DYSINGER EAST,23326,597.27,3200,-9999
07/19/2025 16:15,MOSES SOUTH,23319,-412.8,3150,-1600
07/19/2025 16:15,SCH - HQ - NY,23324,-770,1500,-980
07/19/2025 16:15,SCH - HQ_CEDARS,325274,-40,270,-40
07/19/2025 16:15,SCH - HQ_IMPORT_EXPORT,325376,-770,1310,-9999
07/19/2025 16:15,SCH - NE - NY,23318,748.69,1400,-1600
07/19/2025 16:15,SCH - NPX_1385,325277,24,125,-125
07/19/2025 16:15,SCH - NPX_CSC,325154,330,330,-330
07/19/2025 16:15,SCH - OH - NY,23317,848.24,2000,-1600
07/19/2025 16:15,SCH - PJ - NY,23316,372.24,2000,-1050
07/19/2025 16:15,SCH - PJM_HTP,325905,660,660,-660
07/19/2025 16:15,SCH - PJM_NEPTUNE,325305,660,660,-660
07/19/2025 16:15,SCH - PJM_VFT,325658,315,315,-315
07/19/2025 16:15,SPR/DUN-SOUTH,23320,2710.74,4600,-9999
07/19/2025 16:15,TOTAL EAST,23314,1764.1,7550,-9999
07/19/2025 16:15,UPNY CONED,23315,4038.49,6985,-9999
07/19/2025 16:15,WEST CENTRAL,23312,44.21,9999,-9999
07/19/2025 16:20,CENTRAL EAST - VC,23330,1008.8,3065,-9999
07/19/2025 16:20,DYSINGER EAST,23326,568.01,3200,-9999
07/19/2025 16:20,MOSES SOUTH,23319,-426.93,3150,-1600
07/19/2025 16:20,SCH - HQ - NY,23324,-770,1500,-980
07/19/2025 16:20,SCH - HQ_CEDARS,325274,-40,270,-40
07/19/2025 16:20,SCH - HQ_IMPORT_EXPORT,325376,-770,1310,-9999
07/19/2025 16:20,SCH - NE - NY,23318,803.71,1400,-1600
07/19/2025 16:20,SCH - NPX_1385,325277,24,125,-125
07/19/2025 16:20,SCH - NPX_CSC,325154,330,330,-330
07/19/2025 16:20,SCH - OH - NY,23317,848.28,2000,-1600
07/19/2025 16:20,SCH - PJ - NY,23316,295.23,2000,-1050
07/19/2025 16:20,SCH - PJM_HTP,325905,660,660,-660
07/19/2025 16:20,SCH - PJM_NEPTUNE,325305,660,660,-660
07/19/2025 16:20,SCH - PJM_VFT,325658,315,315,-315
07/19/2025 16:20,SPR/DUN-SOUTH,23320,2683.47,4600,-9999
07/19/2025 16:20,TOTAL EAST,23314,1701.79,7550,-9999
07/19/2025 16:20,UPNY CONED,23315,3996.16,6985,-9999
07/19/2025 16:20,WEST CENTRAL,23312,17.41,9999,-9999
07/19/2025 16:25,CENTRAL EAST - VC,23330,970.23,3065,-9999
07/19/2025 16:25,DYSINGER EAST,23326,543.97,3200,-9999
07/19/2025 16:25,MOSES SOUTH,23319,-437,3150,-1600
07/19/2025 16:25,SCH - HQ - NY,23324,-770,1500,-980
07/19/2025 16:25,SCH - HQ_CEDARS,325274,-40,270,-40
07/19/2025 16:25,SCH - HQ_IMPORT_EXPORT,325376,-770,1310,-9999
07/19/2025 16:25,SCH - NE - NY,23318,804,1400,-1600
07/19/2025 16:25,SCH - NPX_1385,325277,24,125,-125
07/19/2025 16:25,SCH - NPX_CSC,325154,330,330,-330
07/19/2025 16:25,SCH - OH - NY,23317,848.25,2000,-1600
07/19/2025 16:25,SCH - PJ - NY,23316,298.09,2000,-1050
07/19/2025 16:25,SCH - PJM_HTP,325905,660,660,-660
07/19/2025 16:25,SCH - PJM_NEPTUNE,325305,660,660,-660
07/19/2025 16:25,SCH - PJM_VFT,325658,315,315,-315
07/19/2025 16:25,SPR/DUN-SOUTH,23320,2632.17,4600,-9999
07/19/2025 16:25,TOTAL EAST,23314,1671.19,7550,-9999
07/19/2025 16:25,UPNY CONED,23315,3973.78,6985,-9999
07/19/2025 16:25,WEST CENTRAL,23312,-11.53,9999,-9999
07/19/2025 16:30,CENTRAL EAST - VC,23330,951.24,3065,-9999
07/19/2025 16:30,DYSINGER EAST,23326,566.39,3200,-9999
07/19/2025 16:30,MOSES SOUTH,23319,-446.89,3150,-1600
07/19/2025 16:30,SCH - HQ - NY,23324,-770,1500,-980
07/19/2025 16:30,SCH - HQ_CEDARS,325274,-40,270,-40
07/19/2025 16:30,SCH - HQ_IMPORT_EXPORT,325376,-770,1310,-9999
07/19/2025 16:30,SCH - NE - NY,23318,652.9,1400,-1600
07/19/2025 16:30,SCH - NPX_1385,325277,24,125,-125
07/19/2025 16:30,SCH - NPX_CSC,325154,330,330,-330
07/19/2025 16:30,SCH - OH - NY,23317,848.25,2000,-1600
07/19/2025 16:30,SCH - PJ - NY,23316,419.29,2000,-1050
07/19/2025 16:30,SCH - PJM_HTP,325905,660,660,-660
07/19/2025 16:30,SCH - PJM_NEPTUNE,325305,660,660,-660
07/19/2025 16:30,SCH - PJM_VFT,325658,315,315,-315
07/19/2025 16:30,SPR/DUN-SOUTH,23320,2542.29,4600,-9999
07/19/2025 16:30,TOTAL EAST,23314,1717.26,7550,-9999
07/19/2025 16:30,UPNY CONED,23315,3881.7,6985,-9999
07/19/2025 16:30,WEST CENTRAL,23312,2.83,9999,-9999
07/19/2025 16:35,CENTRAL EAST - VC,23330,1033.82,3065,-9999
07/19/2025 16:35,DYSINGER EAST,23326,572.72,3200,-9999
07/19/2025 16:35,MOSES SOUTH,23319,-472.08,3150,-1600
07/19/2025 16:35,SCH - HQ - NY,23324,-770,1500,-980
07/19/2025 16:35,SCH - HQ_CEDARS,325274,-40,270,-40
07/19/2025 16:35,SCH - HQ_IMPORT_EXPORT,325376,-770,1310,-9999
07/19/2025 16:35,SCH - NE - NY,23318,500.92,1400,-1600
07/19/2025 16:35,SCH - NPX_1385,325277,24,125,-125
07/19/2025 16:35,SCH - NPX_CSC,325154,330,330,-330
07/19/2025 16:35,SCH - OH - NY,23317,848.28,2000,-1600
07/19/2025 16:35,SCH - PJ - NY,23316,538,2000,-1050
07/19/2025 16:35,SCH - PJM_HTP,325905,660,660,-660
07/19/2025 16:35,SCH - PJM_NEPTUNE,325305,660,660,-660
07/19/2025 16:35,SCH - PJM_VFT,325658,315,315,-315
07/19/2025 16:35,SPR/DUN-SOUTH,23320,2476.75,4600,-9999
07/19/2025 16:35,TOTAL EAST,23314,1811.2,7550,-9999
07/19/2025 16:35,UPNY CONED,23315,3812.1,6985,-9999
07/19/2025 16:35,WEST CENTRAL,23312,0.17,9999,-9999
07/19/2025 16:40,CENTRAL EAST - VC,23330,1017.82,3065,-9999
07/19/2025 16:40,DYSINGER EAST,23326,584.8,3200,-9999
07/19/2025 16:40,MOSES SOUTH,23319,-453.62,3150,-1600
07/19/2025 16:40,SCH - HQ - NY,23324,-770,1500,-980
07/19/2025 16:40,SCH - HQ_CEDARS,325274,-40,270,-40
07/19/2025 16:40,SCH - HQ_IMPORT_EXPORT,325376,-770,1310,-9999
07/19/2025 16:40,SCH - NE - NY,23318,500.57,1400,-1600
07/19/2025 16:40,SCH - NPX_1385,325277,24,125,-125
07/19/2025 16:40,SCH - NPX_CSC,325154,330,330,-330
07/19/2025 16:40,SCH - OH - NY,23317,848.21,2000,-1600
07/19/2025 16:40,SCH - PJ - NY,23316,541.38,2000,-1050
07/19/2025 16:40,SCH - PJM_HTP,325905,660,660,-660
07/19/2025 16:40,SCH - PJM_NEPTUNE,325305,660,660,-660
07/19/2025 16:40,SCH - PJM_VFT,325658,315,315,-315
07/19/2025 16:40,SPR/DUN-SOUTH,23320,2419.76,4600,-9999
07/19/2025 16:40,TOTAL EAST,23314,1762.46,7550,-9999
07/19/2025 16:40,UPNY CONED,23315,3754.67,6985,-9999
07/19/2025 16:40,WEST CENTRAL,23312,6.25,9999,-9999
07/19/2025 16:45,CENTRAL EAST - VC,23330,1019.85,3065,-9999
07/19/2025 16:45,DYSINGER EAST,23326,569.07,3200,-9999
07/19/2025 16:45,MOSES SOUTH,23319,-449.57,3150,-1600
07/19/2025 16:45,SCH - HQ - NY,23324,-770,1500,-980
07/19/2025 16:45,SCH - HQ_CEDARS,325274,-40,270,-40
07/19/2025 16:45,SCH - HQ_IMPORT_EXPORT,325376,-770,1310,-9999
07/19/2025 16:45,SCH - NE - NY,23318,432.6,1400,-1600
07/19/2025 16:45,SCH - NPX_1385,325277,24,125,-125
07/19/2025 16:45,SCH - NPX_CSC,325154,330,330,-330
07/19/2025 16:45,SCH - OH - NY,23317,848.26,2000,-1600
07/19/2025 16:45,SCH - PJ - NY,23316,545.82,2000,-1050
07/19/2025 16:45,SCH - PJM_HTP,325905,660,660,-660
07/19/2025 16:45,SCH - PJM_NEPTUNE,325305,660,660,-660
07/19/2025 16:45,SCH - PJM_VFT,325658,315,315,-315
07/19/2025 16:45,SPR/DUN-SOUTH,23320,2359.86,4600,-9999
07/19/2025 16:45,TOTAL EAST,23314,1751.94,7550,-9999
07/19/2025 16:45,UPNY CONED,23315,3693.35,6985,-9999
07/19/2025 16:45,WEST CENTRAL,23312,-14.39,9999,-9999
07/19/2025 16:50,CENTRAL EAST - VC,23330,1012.6,3065,-9999
07/19/2025 16:50,DYSINGER EAST,23326,580.1,3200,-9999
07/19/2025 16:50,MOSES SOUTH,23319,-459.13,3150,-1600
07/19/2025 16:50,SCH - HQ - NY,23324,-770,1500,-980
07/19/2025 16:50,SCH - HQ_CEDARS,325274,-40,270,-40
07/19/2025 16:50,SCH - HQ_IMPORT_EXPORT,325376,-770,1310,-9999
07/19/2025 16:50,SCH - NE - NY,23318,364.28,1400,-1600
07/19/2025 16:50,SCH - NPX_1385,325277,24,125,-125
07/19/2025 16:50,SCH - NPX_CSC,325154,330,330,-330
07/19/2025 16:50,SCH - OH - NY,23317,848.23,2000,-1600
07/19/2025 16:50,SCH - PJ - NY,23316,546.11,2000,-1050
07/19/2025 16:50,SCH - PJM_HTP,325905,660,660,-660
07/19/2025 16:50,SCH - PJM_NEPTUNE,325305,660,660,-660
07/19/2025 16:50,SCH - PJM_VFT,325658,315,315,-315
07/19/2025 16:50,SPR/DUN-SOUTH,23320,2298.62,4600,-9999
07/19/2025 16:50,TOTAL EAST,23314,1715.24,7550,-9999
07/19/2025 16:50,UPNY CONED,23315,3654.82,6985,-9999
07/19/2025 16:50,WEST CENTRAL,23312,-15.45,9999,-9999
07/19/2025 16:55,CENTRAL EAST - VC,23330,975.9,3065,-9999
07/19/2025 16:55,DYSINGER EAST,23326,569.56,3200,-9999
07/19/2025 16:55,MOSES SOUTH,23319,-463.35,3150,-1600
07/19/2025 16:55,SCH - HQ - NY,23324,-770,1500,-980
07/19/2025 16:55,SCH - HQ_CEDARS,325274,-40,270,-40
07/19/2025 16:55,SCH - HQ_IMPORT_EXPORT,325376,-770,1310,-9999
07/19/2025 16:55,SCH - NE - NY,23318,365.18,1400,-1600
07/19/2025 16:55,SCH - NPX_1385,325277,24,125,-125
07/19/2025 16:55,SCH - NPX_CSC,325154,330,330,-330
07/19/2025 16:55,SCH - OH - NY,23317,848.24,2000,-1600
07/19/2025 16:55,SCH - PJ - NY,23316,539.05,2000,-1050
07/19/2025 16:55,SCH - PJM_HTP,325905,660,660,-660
07/19/2025 16:55,SCH - PJM_NEPTUNE,325305,660,660,-660
07/19/2025 16:55,SCH - PJM_VFT,325658,315,315,-315
07/19/2025 16:55,SPR/DUN-SOUTH,23320,2283.56,4600,-9999
07/19/2025 16:55,TOTAL EAST,23314,1695.15,7550,-9999
07/19/2025 16:55,UPNY CONED,23315,3655.81,6985,-9999
07/19/2025 16:55,WEST CENTRAL,23312,-28.92,9999,-9999
07/19/2025 17:00,CENTRAL EAST - VC,23330,1062.03,3065,-9999
07/19/2025 17:00,DYSINGER EAST,23326,647.9,3200,-9999
07/19/2025 17:00,MOSES SOUTH,23319,-401,3150,-1600
07/19/2025 17:00,SCH - HQ - NY,23324,-726,1500,-980
07/19/2025 17:00,SCH - HQ_CEDARS,325274,-19,270,-40
07/19/2025 17:00,SCH - HQ_IMPORT_EXPORT,325376,-726,1310,-9999
07/19/2025 17:00,SCH - NE - NY,23318,324.9,1400,-1600
07/19/2025 17:00,SCH - NPX_1385,325277,16,125,-125
07/19/2025 17:00,SCH - NPX_CSC,325154,330,330,-330
07/19/2025 17:00,SCH - OH - NY,23317,901.16,2000,-1600
07/19/2025 17:00,SCH - PJ - NY,23316,532.35,2000,-1050
07/19/2025 17:00,SCH - PJM_HTP,325905,660,660,-660
07/19/2025 17:00,SCH - PJM_NEPTUNE,325305,660,660,-660
07/19/2025 17:00,SCH - PJM_VFT,325658,315,315,-315
07/19/2025 17:00,SPR/DUN-SOUTH,23320,2223.11,4600,-9999
07/19/2025 17:00,TOTAL EAST,23314,1756.51,7550,-9999
07/19/2025 17:00,UPNY CONED,23315,3498.78,6985,-9999
07/19/2025 17:00,WEST CENTRAL,23312,38.87,9999,-9999
07/19/2025 17:05,CENTRAL EAST - VC,23330,1144.18,3065,-9999
07/19/2025 17:05,DYSINGER EAST,23326,665.92,3200,-9999
07/19/2025 17:05,MOSES SOUTH,23319,-371.13,3150,-1600
07/19/2025 17:05,SCH - HQ - NY,23324,-681,1500,-980
07/19/2025 17:05,SCH - HQ_CEDARS,325274,0,270,-40
07/19/2025 17:05,SCH - HQ_IMPORT_EXPORT,325376,-681,1310,-9999
07/19/2025 17:05,SCH - NE - NY,23318,285.39,1400,-1600
07/19/2025 17:05,SCH - NPX_1385,325277,7,125,-125
07/19/2025 17:05,SCH - NPX_CSC,325154,330,330,-330
07/19/2025 17:05,SCH - OH - NY,23317,955.31,2000,-1600
07/19/2025 17:05,SCH - PJ - NY,23316,529.61,2000,-1050
07/19/2025 17:05,SCH - PJM_HTP,325905,660,660,-660
07/19/2025 17:05,SCH - PJM_NEPTUNE,325305,660,660,-660
07/19/2025 17:05,SCH - PJM_VFT,325658,315,315,-315
07/19/2025 17:05,SPR/DUN-SOUTH,23320,2293.23,4600,-9999
07/19/2025 17:05,TOTAL EAST,23314,1860.8,7550,-9999
07/19/2025 17:05,UPNY CONED,23315,3585.27,6985,-9999
07/19/2025 17:05,WEST CENTRAL,23312,48.65,9999,-9999
07/19/2025 17:10,CENTRAL EAST - VC,23330,1087.69,3065,-9999
07/19/2025 17:10,DYSINGER EAST,23326,651.36,3200,-9999
07/19/2025 17:10,MOSES SOUTH,23319,-395.88,3150,-1600
07/19/2025 17:10,SCH - HQ - NY,23324,-681,1500,-980
07/19/2025 17:10,SCH - HQ_CEDARS,325274,0,270,-40
07/19/2025 17:10,SCH - HQ_IMPORT_EXPORT,325376,-681,1310,-9999
07/19/2025 17:10,SCH - NE - NY,23318,285.7,1400,-1600
07/19/2025 17:10,SCH - NPX_1385,325277,7,125,-125
07/19/2025 17:10,SCH - NPX_CSC,325154,330,330,-330
07/19/2025 17:10,SCH - OH - NY,23317,955.35,2000,-1600
07/19/2025 17:10,SCH - PJ - NY,23316,533.38,2000,-1050
07/19/2025 17:10,SCH - PJM_HTP,325905,660,660,-660
07/19/2025 17:10,SCH - PJM_NEPTUNE,325305,660,660,-660
07/19/2025 17:10,SCH - PJM_VFT,325658,315,315,-315
07/19/2025 17:10,SPR/DUN-SOUTH,23320,2314.44,4600,-9999
07/19/2025 17:10,TOTAL EAST,23314,1852.71,7550,-9999
07/19/2025 17:10,UPNY CONED,23315,3665.82,6985,-9999
07/19/2025 17:10,WEST CENTRAL,23312,28.52,9999,-9999
07/19/2025 17:15,CENTRAL EAST - VC,23330,1144.74,3065,-9999
07/19/2025 17:15,DYSINGER EAST,23326,674.39,3200,-9999
07/19/2025 17:15,MOSES SOUTH,23319,-375.79,3150,-1600
07/19/2025 17:15,SCH - HQ - NY,23324,-681,1500,-980
07/19/2025 17:15,SCH - HQ_CEDARS,325274,0,270,-40
07/19/2025 17:15,SCH - HQ_IMPORT_EXPORT,325376,-681,1310,-9999
07/19/2025 17:15,SCH - NE - NY,23318,247.12,1400,-1600
07/19/2025 17:15,SCH - NPX_1385,325277,7,125,-125
07/19/2025 17:15,SCH - NPX_CSC,325154,330,330,-330
07/19/2025 17:15,SCH - OH - NY,23317,955.33,2000,-1600
07/19/2025 17:15,SCH - PJ - NY,23316,601.83,2000,-1050
07/19/2025 17:15,SCH - PJM_HTP,325905,660,660,-660
07/19/2025 17:15,SCH - PJM_NEPTUNE,325305,660,660,-660
07/19/2025 17:15,SCH - PJM_VFT,325658,315,315,-315
07/19/2025 17:15,SPR/DUN-SOUTH,23320,2321.12,4600,-9999
07/19/2025 17:15,TOTAL EAST,23314,1871.62,7550,-9999
07/19/2025 17:15,UPNY CONED,23315,3682.17,6985,-9999
07/19/2025 17:15,WEST CENTRAL,23312,47.35,9999,-9999
07/19/2025 17:20,CENTRAL EAST - VC,23330,1105.64,3065,-9999
07/19/2025 17:20,DYSINGER EAST,23326,648.77,3200,-9999
07/19/2025 17:20,MOSES SOUTH,23319,-385.11,3150,-1600
07/19/2025 17:20,SCH - HQ - NY,23324,-681,1500,-980
07/19/2025 17:20,SCH - HQ_CEDARS,325274,0,270,-40
07/19/2025 17:20,SCH - HQ_IMPORT_EXPORT,325376,-681,1310,-9999
07/19/2025 17:20,SCH - NE - NY,23318,209.15,1400,-1600
07/19/2025 17:20,SCH - NPX_1385,325277,7,125,-125
07/19/2025 17:20,SCH - NPX_CSC,325154,330,330,-330
07/19/2025 17:20,SCH - OH - NY,23317,955.45,2000,-1600
07/19/2025 17:20,SCH - PJ - NY,23316,680.61,2000,-1050
07/19/2025 17:20,SCH - PJM_HTP,325905,660,660,-660
07/19/2025 17:20,SCH - PJM_NEPTUNE,325305,660,660,-660
07/19/2025 17:20,SCH - PJM_VFT,325658,315,315,-315
07/19/2025 17:20,SPR/DUN-SOUTH,23320,2242.3,4600,-9999
07/19/2025 17:20,TOTAL EAST,23314,1934.08,7550,-9999
07/19/2025 17:20,UPNY CONED,23315,3597.49,6985,-9999
07/19/2025 17:20,WEST CENTRAL,23312,12.94,9999,-9999
07/19/2025 17:24,CENTRAL EAST - VC,23330,1040.09,3065,-9999
07/19/2025 17:24,DYSINGER EAST,23326,646.67,3200,-9999
07/19/2025 17:24,MOSES SOUTH,23319,-360.85,3150,-1600
07/19/2025 17:24,SCH - HQ - NY,23324,-681,1500,-980
07/19/2025 17:24,SCH - HQ_CEDARS,325274,0,270,-40
07/19/2025 17:24,SCH - HQ_IMPORT_EXPORT,325376,-681,1310,-9999
07/19/2025 17:24,SCH - NE - NY,23318,209.6,1400,-1600
07/19/2025 17:24,SCH - NPX_1385,325277,7,125,-125
07/19/2025 17:24,SCH - NPX_CSC,325154,330,330,-330
07/19/2025 17:24,SCH - OH - NY,23317,955.32,2000,-1600
07/19/2025 17:24,SCH - PJ - NY,23316,677.96,2000,-1050
07/19/2025 17:24,SCH - PJM_HTP,325905,660,660,-660
07/19/2025 17:24,SCH - PJM_NEPTUNE,325305,660,660,-660
07/19/2025 17:24,SCH - PJM_VFT,325658,315,315,-315
07/19/2025 17:24,SPR/DUN-SOUTH,23320,2141.89,4600,-9999
07/19/2025 17:24,TOTAL EAST,23314,1907.07,7550,-9999
07/19/2025 17:24,UPNY CONED,23315,3571.07,6985,-9999
07/19/2025 17:24,WEST CENTRAL,23312,-3.78,9999,-9999
07/19/2025 17:25,CENTRAL EAST - VC,23330,1071.5,3065,-9999
07/19/2025 17:25,CENTRAL EAST - VC,23330,1067.82,3065,-9999
07/19/2025 17:25,DYSINGER EAST,23326,635.15,3200,-9999
07/19/2025 17:25,DYSINGER EAST,23326,606.86,3200,-9999
07/19/2025 17:25,MOSES SOUTH,23319,-377.58,3150,-1600
07/19/2025 17:25,MOSES SOUTH,23319,-363.81,3150,-1600
07/19/2025 17:25,SCH - HQ - NY,23324,-681,1500,-980
07/19/2025 17:25,SCH - HQ - NY,23324,-681,1500,-980
07/19/2025 17:25,SCH - HQ_CEDARS,325274,0,270,-40
07/19/2025 17:25,SCH - HQ_CEDARS,325274,0,270,-40
07/19/2025 17:25,SCH - HQ_IMPORT_EXPORT,325376,-681,1310,-9999
07/19/2025 17:25,SCH - HQ_IMPORT_EXPORT,325376,-681,1310,-9999
07/19/2025 17:25,SCH - NE - NY,23318,209.4,1400,-1600
07/19/2025 17:25,SCH - NE - NY,23318,209.5,1400,-1600
07/19/2025 17:25,SCH - NPX_1385,325277,7,125,-125
07/19/2025 17:25,SCH - NPX_1385,325277,7,125,-125
07/19/2025 17:25,SCH - NPX_CSC,325154,330,330,-330
07/19/2025 17:25,SCH - NPX_CSC,325154,330,330,-330
07/19/2025 17:25,SCH - OH - NY,23317,955.45,2000,-1600
07/19/2025 17:25,SCH - OH - NY,23317,955.41,2000,-1600
07/19/2025 17:25,SCH - PJ - NY,23316,677.37,2000,-1050
07/19/2025 17:25,SCH - PJ - NY,23316,675.67,2000,-1050
07/19/2025 17:25,SCH - PJM_HTP,325905,660,660,-660
07/19/2025 17:25,SCH - PJM_HTP,325905,660,660,-660
07/19/2025 17:25,SCH - PJM_NEPTUNE,325305,660,660,-660
07/19/2025 17:25,SCH - PJM_NEPTUNE,325305,660,660,-660
07/19/2025 17:25,SCH - PJM_VFT,325658,315,315,-315
07/19/2025 17:25,SCH - PJM_VFT,325658,315,315,-315
07/19/2025 17:25,SPR/DUN-SOUTH,23320,2152.65,4600,-9999
07/19/2025 17:25,SPR/DUN-SOUTH,23320,2194.61,4600,-9999
07/19/2025 17:25,TOTAL EAST,23314,1899.91,7550,-9999
07/19/2025 17:25,TOTAL EAST,23314,1916.47,7550,-9999
07/19/2025 17:25,UPNY CONED,23315,3581.37,6985,-9999
07/19/2025 17:25,UPNY CONED,23315,3543.52,6985,-9999
07/19/2025 17:25,WEST CENTRAL,23312,-17.15,9999,-9999
07/19/2025 17:25,WEST CENTRAL,23312,-39.67,9999,-9999
07/19/2025 17:35,CENTRAL EAST - VC,23330,1066.79,3065,-9999
07/19/2025 17:35,DYSINGER EAST,23326,661.43,3200,-9999
07/19/2025 17:35,MOSES SOUTH,23319,-363.88,3150,-1600
07/19/2025 17:35,SCH - HQ - NY,23324,-681,1500,-980
07/19/2025 17:35,SCH - HQ_CEDARS,325274,0,270,-40
07/19/2025 17:35,SCH - HQ_IMPORT_EXPORT,325376,-681,1310,-9999
07/19/2025 17:35,SCH - NE - NY,23318,44.42,1400,-1600
07/19/2025 17:35,SCH - NPX_1385,325277,7,125,-125
07/19/2025 17:35,SCH - NPX_CSC,325154,330,330,-330
07/19/2025 17:35,SCH - OH - NY,23317,955.36,2000,-1600
07/19/2025 17:35,SCH - PJ - NY,23316,641.09,2000,-1050
07/19/2025 17:35,SCH - PJM_HTP,325905,660,660,-660
07/19/2025 17:35,SCH - PJM_NEPTUNE,325305,660,660,-660
07/19/2025 17:35,SCH - PJM_VFT,325658,315,315,-315
07/19/2025 17:35,SPR/DUN-SOUTH,23320,1955.63,4600,-9999
07/19/2025 17:35,TOTAL EAST,23314,1867.03,7550,-9999
07/19/2025 17:35,UPNY CONED,23315,3374.22,6985,-9999
07/19/2025 17:35,WEST CENTRAL,23312,-4.44,9999,-9999
07/19/2025 17:40,CENTRAL EAST - VC,23330,1016.93,3065,-9999
07/19/2025 17:40,DYSINGER EAST,23326,600.7,3200,-9999
07/19/2025 17:40,MOSES SOUTH,23319,-390.03,3150,-1600
07/19/2025 17:40,SCH - HQ - NY,23324,-681,1500,-980
07/19/2025 17:40,SCH - HQ_CEDARS,325274,0,270,-40
07/19/2025 17:40,SCH - HQ_IMPORT_EXPORT,325376,-681,1310,-9999
07/19/2025 17:40,SCH - NE - NY,23318,44.14,1400,-1600
07/19/2025 17:40,SCH - NPX_1385,325277,7,125,-125
07/19/2025 17:40,SCH - NPX_CSC,325154,330,330,-330
07/19/2025 17:40,SCH - OH - NY,23317,955.39,2000,-1600
07/19/2025 17:40,SCH - PJ - NY,23316,640.45,2000,-1050
07/19/2025 17:40,SCH - PJM_HTP,325905,660,660,-660
07/19/2025 17:40,SCH - PJM_NEPTUNE,325305,660,660,-660
07/19/2025 17:40,SCH - PJM_VFT,325658,315,315,-315
07/19/2025 17:40,SPR/DUN-SOUTH,23320,1913.78,4600,-9999
07/19/2025 17:40,TOTAL EAST,23314,1804.62,7550,-9999
07/19/2025 17:40,UPNY CONED,23315,3323.52,6985,-9999
07/19/2025 17:40,WEST CENTRAL,23312,-69.75,9999,-9999
07/19/2025 17:45,CENTRAL EAST - VC,23330,987.24,3065,-9999
07/19/2025 17:45,DYSINGER EAST,23326,577.03,3200,-9999
07/19/2025 17:45,MOSES SOUTH,23319,-370.8,3150,-1600
07/19/2025 17:45,SCH - HQ - NY,23324,-681,1500,-980
07/19/2025 17:45,SCH - HQ_CEDARS,325274,0,270,-40
07/19/2025 17:45,SCH - HQ_IMPORT_EXPORT,325376,-681,1310,-9999
07/19/2025 17:45,SCH - NE - NY,23318,-89.02,1400,-1600
07/19/2025 17:45,SCH - NPX_1385,325277,7,125,-125
07/19/2025 17:45,SCH - NPX_CSC,325154,330,330,-330
07/19/2025 17:45,SCH - OH - NY,23317,955.4,2000,-1600
07/19/2025 17:45,SCH - PJ - NY,23316,629.62,2000,-1050
07/19/2025 17:45,SCH - PJM_HTP,325905,660,660,-660
07/19/2025 17:45,SCH - PJM_NEPTUNE,325305,660,660,-660
07/19/2025 17:45,SCH - PJM_VFT,325658,315,315,-315
07/19/2025 17:45,SPR/DUN-SOUTH,23320,1872.01,4600,-9999
07/19/2025 17:45,TOTAL EAST,23314,1726.83,7550,-9999
07/19/2025 17:45,UPNY CONED,23315,3282.32,6985,-9999
07/19/2025 17:45,WEST CENTRAL,23312,-104.42,9999,-9999
07/19/2025 17:50,CENTRAL EAST - VC,23330,1050.24,3065,-9999
07/19/2025 17:50,DYSINGER EAST,23326,727.42,3200,-9999
07/19/2025 17:50,MOSES SOUTH,23319,-406.4,3150,-1600
07/19/2025 17:50,SCH - HQ - NY,23324,-681,1500,-980
07/19/2025 17:50,SCH - HQ_CEDARS,325274,0,270,-40
07/19/2025 17:50,SCH - HQ_IMPORT_EXPORT,325376,-681,1310,-9999
07/19/2025 17:50,SCH - NE - NY,23318,-224.1,1400,-1600
07/19/2025 17:50,SCH - NPX_1385,325277,7,125,-125
07/19/2025 17:50,SCH - NPX_CSC,325154,330,330,-330
07/19/2025 17:50,SCH - OH - NY,23317,955.48,2000,-1600
07/19/2025 17:50,SCH - PJ - NY,23316,619.77,2000,-1050
07/19/2025 17:50,SCH - PJM_HTP,325905,660,660,-660
07/19/2025 17:50,SCH - PJM_NEPTUNE,325305,660,660,-660
07/19/2025 17:50,SCH - PJM_VFT,325658,315,315,-315
07/19/2025 17:50,SPR/DUN-SOUTH,23320,1809.95,4600,-9999
07/19/2025 17:50,TOTAL EAST,23314,1783.63,7550,-9999
07/19/2025 17:50,UPNY CONED,23315,3212.81,6985,-9999
07/19/2025 17:50,WEST CENTRAL,23312,29.07,9999,-9999
07/19/2025 17:55,CENTRAL EAST - VC,23330,961.51,3065,-9999
07/19/2025 17:55,DYSINGER EAST,23326,689.69,3200,-9999
07/19/2025 17:55,MOSES SOUTH,23319,-438.63,3150,-1600
07/19/2025 17:55,SCH - HQ - NY,23324,-681,1500,-980
07/19/2025 17:55,SCH - HQ_CEDARS,325274,0,270,-40
07/19/2025 17:55,SCH - HQ_IMPORT_EXPORT,325376,-681,1310,-9999
07/19/2025 17:55,SCH - NE - NY,23318,-223.61,1400,-1600
07/19/2025 17:55,SCH - NPX_1385,325277,7,125,-125
07/19/2025 17:55,SCH - NPX_CSC,325154,330,330,-330
07/19/2025 17:55,SCH - OH - NY,23317,955.59,2000,-1600
07/19/2025 17:55,SCH - PJ - NY,23316,618.92,2000,-1050
07/19/2025 17:55,SCH - PJM_HTP,325905,660,660,-660
07/19/2025 17:55,SCH - PJM_NEPTUNE,325305,660,660,-660
07/19/2025 17:55,SCH - PJM_VFT,325658,315,315,-315
07/19/2025 17:55,SPR/DUN-SOUTH,23320,1749.12,4600,-9999
07/19/2025 17:55,TOTAL EAST,23314,1697.83,7550,-9999
07/19/2025 17:55,UPNY CONED,23315,3138.98,6985,-9999
07/19/2025 17:55,WEST CENTRAL,23312,-17.26,9999,-9999
07/19/2025 18:00,CENTRAL EAST - VC,23330,932.82,3065,-9999
07/19/2025 18:00,DYSINGER EAST,23326,598.94,3200,-9999
07/19/2025 18:00,MOSES SOUTH,23319,-421.93,3150,-1600
07/19/2025 18:00,SCH - HQ - NY,23324,-685,1500,-980
07/19/2025 18:00,SCH - HQ_CEDARS,325274,0,270,-40
07/19/2025 18:00,SCH - HQ_IMPORT_EXPORT,325376,-685,1310,-9999
07/19/2025 18:00,SCH - NE - NY,23318,-181.37,1400,-1600
07/19/2025 18:00,SCH - NPX_1385,325277,-24,125,-125
07/19/2025 18:00,SCH - NPX_CSC,325154,330,330,-330
07/19/2025 18:00,SCH - OH - NY,23317,813.35,2000,-1600
07/19/2025 18:00,SCH - PJ - NY,23316,868.47,2000,-1050
07/19/2025 18:00,SCH - PJM_HTP,325905,660,660,-660
07/19/2025 18:00,SCH - PJM_NEPTUNE,325305,660,660,-660
07/19/2025 18:00,SCH - PJM_VFT,325658,315,315,-315
07/19/2025 18:00,SPR/DUN-SOUTH,23320,1752.6,4600,-9999
07/19/2025 18:00,TOTAL EAST,23314,1730.1,7550,-9999
07/19/2025 18:00,UPNY CONED,23315,3112.33,6985,-9999
07/19/2025 18:00,WEST CENTRAL,23312,-100.59,9999,-9999
07/19/2025 18:05,CENTRAL EAST - VC,23330,977.74,3065,-9999
07/19/2025 18:05,DYSINGER EAST,23326,526.34,3200,-9999
07/19/2025 18:05,MOSES SOUTH,23319,-419.24,3150,-1600
07/19/2025 18:05,SCH - HQ - NY,23324,-689,1500,-980
07/19/2025 18:05,SCH - HQ_CEDARS,325274,0,270,-40
07/19/2025 18:05,SCH - HQ_IMPORT_EXPORT,325376,-689,1310,-9999
07/19/2025 18:05,SCH - NE - NY,23318,-140.15,1400,-1600
07/19/2025 18:05,SCH - NPX_1385,325277,-55,125,-125
07/19/2025 18:05,SCH - NPX_CSC,325154,330,330,-330
07/19/2025 18:05,SCH - OH - NY,23317,671.29,2000,-1600
07/19/2025 18:05,SCH - PJ - NY,23316,1117.92,2000,-1050
07/19/2025 18:05,SCH - PJM_HTP,325905,660,660,-660
07/19/2025 18:05,SCH - PJM_NEPTUNE,325305,660,660,-660
07/19/2025 18:05,SCH - PJM_VFT,325658,315,315,-315
07/19/2025 18:05,SPR/DUN-SOUTH,23320,1825.74,4600,-9999
07/19/2025 18:05,TOTAL EAST,23314,1796.64,7550,-9999
07/19/2025 18:05,UPNY CONED,23315,3171.36,6985,-9999
07/19/2025 18:05,WEST CENTRAL,23312,-165.78,9999,-9999
07/19/2025 18:10,CENTRAL EAST - VC,23330,943.18,3065,-9999
07/19/2025 18:10,DYSINGER EAST,23326,583.62,3200,-9999
07/19/2025 18:10,MOSES SOUTH,23319,-416.31,3150,-1600
07/19/2025 18:10,SCH - HQ - NY,23324,-689,1500,-980
07/19/2025 18:10,SCH - HQ_CEDARS,325274,0,270,-40
07/19/2025 18:10,SCH - HQ_IMPORT_EXPORT,325376,-689,1310,-9999
07/19/2025 18:10,SCH - NE - NY,23318,-139.99,1400,-1600
07/19/2025 18:10,SCH - NPX_1385,325277,-55,125,-125
07/19/2025 18:10,SCH - NPX_CSC,325154,330,330,-330
07/19/2025 18:10,SCH - OH - NY,23317,671.15,2000,-1600
07/19/2025 18:10,SCH - PJ - NY,23316,1117.34,2000,-1050
07/19/2025 18:10,SCH - PJM_HTP,325905,660,660,-660
07/19/2025 18:10,SCH - PJM_NEPTUNE,325305,660,660,-660
07/19/2025 18:10,SCH - PJM_VFT,325658,315,315,-315
07/19/2025 18:10,SPR/DUN-SOUTH,23320,1829.52,4600,-9999
07/19/2025 18:10,TOTAL EAST,23314,1732.07,7550,-9999
07/19/2025 18:10,UPNY CONED,23315,3114.48,6985,-9999
07/19/2025 18:10,WEST CENTRAL,23312,-115.88,9999,-9999
07/19/2025 18:15,CENTRAL EAST - VC,23330,938.64,3065,-9999
07/19/2025 18:15,DYSINGER EAST,23326,640.08,3200,-9999
07/19/2025 18:15,MOSES SOUTH,23319,-435.1,3150,-1600
07/19/2025 18:15,SCH - HQ - NY,23324,-689,1500,-980
07/19/2025 18:15,SCH - HQ_CEDARS,325274,0,270,-40
07/19/2025 18:15,SCH - HQ_IMPORT_EXPORT,325376,-689,1310,-9999
07/19/2025 18:15,SCH - NE - NY,23318,-141.71,1400,-1600
07/19/2025 18:15,SCH - NPX_1385,325277,-55,125,-125
07/19/2025 18:15,SCH - NPX_CSC,325154,330,330,-330
07/19/2025 18:15,SCH - OH - NY,23317,671.08,2000,-1600
07/19/2025 18:15,SCH - PJ - NY,23316,1128.87,2000,-1050
07/19/2025 18:15,SCH - PJM_HTP,325905,660,660,-660
07/19/2025 18:15,SCH - PJM_NEPTUNE,325305,660,660,-660
07/19/2025 18:15,SCH - PJM_VFT,325658,315,315,-315
07/19/2025 18:15,SPR/DUN-SOUTH,23320,1800.11,4600,-9999
07/19/2025 18:15,TOTAL EAST,23314,1687.8,7550,-9999
07/19/2025 18:15,UPNY CONED,23315,3064.01,6985,-9999
07/19/2025 18:15,WEST CENTRAL,23312,-81.58,9999,-9999
07/19/2025 18:20,CENTRAL EAST - VC,23330,894.35,3065,-9999
07/19/2025 18:20,DYSINGER EAST,23326,663.35,3200,-9999
07/19/2025 18:20,MOSES SOUTH,23319,-454.14,3150,-1600
07/19/2025 18:20,SCH - HQ - NY,23324,-689,1500,-980
07/19/2025 18:20,SCH - HQ_CEDARS,325274,0,270,-40
07/19/2025 18:20,SCH - HQ_IMPORT_EXPORT,325376,-689,1310,-9999
07/19/2025 18:20,SCH - NE - NY,23318,-143.98,1400,-1600
07/19/2025 18:20,SCH - NPX_1385,325277,-55,125,-125
07/19/2025 18:20,SCH - NPX_CSC,325154,330,330,-330
07/19/2025 18:20,SCH - OH - NY,23317,671.05,2000,-1600
07/19/2025 18:20,SCH - PJ - NY,23316,1139.81,2000,-1050
07/19/2025 18:20,SCH - PJM_HTP,325905,660,660,-660
07/19/2025 18:20,SCH - PJM_NEPTUNE,325305,660,660,-660
07/19/2025 18:20,SCH - PJM_VFT,325658,315,315,-315
07/19/2025 18:20,SPR/DUN-SOUTH,23320,1759.74,4600,-9999
07/19/2025 18:20,TOTAL EAST,23314,1606.85,7550,-9999
07/19/2025 18:20,UPNY CONED,23315,3006.11,6985,-9999
07/19/2025 18:20,WEST CENTRAL,23312,-65.25,9999,-9999
07/19/2025 18:25,CENTRAL EAST - VC,23330,847.34,3065,-9999
07/19/2025 18:25,DYSINGER EAST,23326,622.64,3200,-9999
07/19/2025 18:25,MOSES SOUTH,23319,-437.48,3150,-1600
07/19/2025 18:25,SCH - HQ - NY,23324,-689,1500,-980
07/19/2025 18:25,SCH - HQ_CEDARS,325274,0,270,-40
07/19/2025 18:25,SCH - HQ_IMPORT_EXPORT,325376,-689,1310,-9999
07/19/2025 18:25,SCH - NE - NY,23318,-143.42,1400,-1600
07/19/2025 18:25,SCH - NPX_1385,325277,-55,125,-125
07/19/2025 18:25,SCH - NPX_CSC,325154,330,330,-330
07/19/2025 18:25,SCH - OH - NY,23317,671.12,2000,-1600
07/19/2025 18:25,SCH - PJ - NY,23316,1138.85,2000,-1050
07/19/2025 18:25,SCH - PJM_HTP,325905,660,660,-660
07/19/2025 18:25,SCH - PJM_NEPTUNE,325305,660,660,-660
07/19/2025 18:25,SCH - PJM_VFT,325658,315,315,-315
07/19/2025 18:25,SPR/DUN-SOUTH,23320,1722.59,4600,-9999
07/19/2025 18:25,TOTAL EAST,23314,1597.78,7550,-9999
07/19/2025 18:25,UPNY CONED,23315,2956.51,6985,-9999
07/19/2025 18:25,WEST CENTRAL,23312,-105.95,9999,-9999
07/19/2025 18:30,CENTRAL EAST - VC,23330,815.91,3065,-9999
07/19/2025 18:30,DYSINGER EAST,23326,662.88,3200,-9999
07/19/2025 18:30,MOSES SOUTH,23319,-444.99,3150,-1600
07/19/2025 18:30,SCH - HQ - NY,23324,-689,1500,-980
07/19/2025 18:30,SCH - HQ_CEDARS,325274,0,270,-40
07/19/2025 18:30,SCH - HQ_IMPORT_EXPORT,325376,-689,1310,-9999
07/19/2025 18:30,SCH - NE - NY,23318,-136.07,1400,-1600
07/19/2025 18:30,SCH - NPX_1385,325277,-55,125,-125
07/19/2025 18:30,SCH - NPX_CSC,325154,330,330,-330
07/19/2025 18:30,SCH - OH - NY,23317,671.07,2000,-1600
07/19/2025 18:30,SCH - PJ - NY,23316,1140.55,2000,-1050
07/19/2025 18:30,SCH - PJM_HTP,325905,660,660,-660
07/19/2025 18:30,SCH - PJM_NEPTUNE,325305,660,660,-660
07/19/2025 18:30,SCH - PJM_VFT,325658,315,315,-315
07/19/2025 18:30,SPR/DUN-SOUTH,23320,1721.53,4600,-9999
07/19/2025 18:30,TOTAL EAST,23314,1573.78,7550,-9999
07/19/2025 18:30,UPNY CONED,23315,2931.11,6985,-9999
07/19/2025 18:30,WEST CENTRAL,23312,-61.87,9999,-9999
07/19/2025 18:35,CENTRAL EAST - VC,23330,836.45,3065,-9999
07/19/2025 18:35,DYSINGER EAST,23326,671.52,3200,-9999
07/19/2025 18:35,MOSES SOUTH,23319,-420.01,3150,-1600
07/19/2025 18:35,SCH - HQ - NY,23324,-689,1500,-980
07/19/2025 18:35,SCH - HQ_CEDARS,325274,0,270,-40
07/19/2025 18:35,SCH - HQ_IMPORT_EXPORT,325376,-689,1310,-9999
07/19/2025 18:35,SCH - NE - NY,23318,-130.07,1400,-1600
07/19/2025 18:35,SCH - NPX_1385,325277,-55,125,-125
07/19/2025 18:35,SCH - NPX_CSC,325154,330,330,-330
07/19/2025 18:35,SCH - OH - NY,23317,671.04,2000,-1600
07/19/2025 18:35,SCH - PJ - NY,23316,1141.59,2000,-1050
07/19/2025 18:35,SCH - PJM_HTP,325905,660,660,-660
07/19/2025 18:35,SCH - PJM_NEPTUNE,325305,660,660,-660
07/19/2025 18:35,SCH - PJM_VFT,325658,315,315,-315
07/19/2025 18:35,SPR/DUN-SOUTH,23320,1716.96,4600,-9999
07/19/2025 18:35,TOTAL EAST,23314,1549.87,7550,-9999
07/19/2025 18:35,UPNY CONED,23315,2904.31,6985,-9999
07/19/2025 18:35,WEST CENTRAL,23312,-53.28,9999,-9999
07/19/2025 18:40,CENTRAL EAST - VC,23330,830.8,3065,-9999
07/19/2025 18:40,DYSINGER EAST,23326,703.94,3200,-9999
07/19/2025 18:40,MOSES SOUTH,23319,-392.5,3150,-1600
07/19/2025 18:40,SCH - HQ - NY,23324,-689,1500,-980
07/19/2025 18:40,SCH - HQ_CEDARS,325274,0,270,-40
07/19/2025 18:40,SCH - HQ_IMPORT_EXPORT,325376,-689,1310,-9999
07/19/2025 18:40,SCH - NE - NY,23318,-130.15,1400,-1600
07/19/2025 18:40,SCH - NPX_1385,325277,-55,125,-125
07/19/2025 18:40,SCH - NPX_CSC,325154,330,330,-330
07/19/2025 18:40,SCH - OH - NY,23317,668.23,2000,-1600
07/19/2025 18:40,SCH - PJ - NY,23316,1143.09,2000,-1050
07/19/2025 18:40,SCH - PJM_HTP,325905,660,660,-660
07/19/2025 18:40,SCH - PJM_NEPTUNE,325305,660,660,-660
07/19/2025 18:40,SCH - PJM_VFT,325658,315,315,-315
07/19/2025 18:40,SPR/DUN-SOUTH,23320,1708.55,4600,-9999
07/19/2025 18:40,TOTAL EAST,23314,1490.94,7550,-9999
07/19/2025 18:40,UPNY CONED,23315,2883.55,6985,-9999
07/19/2025 18:40,WEST CENTRAL,23312,-33.05,9999,-9999
07/19/2025 18:45,CENTRAL EAST - VC,23330,788.94,3065,-9999
07/19/2025 18:45,DYSINGER EAST,23326,666.42,3200,-9999
07/19/2025 18:45,MOSES SOUTH,23319,-396.25,3150,-1600
07/19/2025 18:45,SCH - HQ - NY,23324,-689,1500,-980
07/19/2025 18:45,SCH - HQ_CEDARS,325274,0,270,-40
07/19/2025 18:45,SCH - HQ_IMPORT_EXPORT,325376,-689,1310,-9999
07/19/2025 18:45,SCH - NE - NY,23318,-178.21,1400,-1600
07/19/2025 18:45,SCH - NPX_1385,325277,-55,125,-125
07/19/2025 18:45,SCH - NPX_CSC,325154,330,330,-330
07/19/2025 18:45,SCH - OH - NY,23317,671.06,2000,-1600
07/19/2025 18:45,SCH - PJ - NY,23316,1148.78,2000,-1050
07/19/2025 18:45,SCH - PJM_HTP,325905,660,660,-660
07/19/2025 18:45,SCH - PJM_NEPTUNE,325305,660,660,-660
07/19/2025 18:45,SCH - PJM_VFT,325658,315,315,-315
07/19/2025 18:45,SPR/DUN-SOUTH,23320,1641.55,4600,-9999
07/19/2025 18:45,TOTAL EAST,23314,1454.67,7550,-9999
07/19/2025 18:45,UPNY CONED,23315,2807.27,6985,-9999
07/19/2025 18:45,WEST CENTRAL,23312,-82.49,9999,-9999
07/19/2025 18:50,CENTRAL EAST - VC,23330,803.72,3065,-9999
07/19/2025 18:50,DYSINGER EAST,23326,755.84,3200,-9999
07/19/2025 18:50,MOSES SOUTH,23319,-419.51,3150,-1600
07/19/2025 18:50,SCH - HQ - NY,23324,-689,1500,-980
07/19/2025 18:50,SCH - HQ_CEDARS,325274,0,270,-40
07/19/2025 18:50,SCH - HQ_IMPORT_EXPORT,325376,-689,1310,-9999
07/19/2025 18:50,SCH - NE - NY,23318,-227.67,1400,-1600
07/19/2025 18:50,SCH - NPX_1385,325277,-55,125,-125
07/19/2025 18:50,SCH - NPX_CSC,325154,330,330,-330
07/19/2025 18:50,SCH - OH - NY,23317,671.05,2000,-1600
07/19/2025 18:50,SCH - PJ - NY,23316,1164.44,2000,-1050
07/19/2025 18:50,SCH - PJM_HTP,325905,660,660,-660
07/19/2025 18:50,SCH - PJM_NEPTUNE,325305,660,660,-660
07/19/2025 18:50,SCH - PJM_VFT,325658,315,315,-315
07/19/2025 18:50,SPR/DUN-SOUTH,23320,1602.31,4600,-9999
07/19/2025 18:50,TOTAL EAST,23314,1482.09,7550,-9999
07/19/2025 18:50,UPNY CONED,23315,2768.66,6985,-9999
07/19/2025 18:50,WEST CENTRAL,23312,-0.54,9999,-9999
07/19/2025 18:55,CENTRAL EAST - VC,23330,767.79,3065,-9999
07/19/2025 18:55,DYSINGER EAST,23326,710.36,3200,-9999
07/19/2025 18:55,MOSES SOUTH,23319,-422.45,3150,-1600
07/19/2025 18:55,SCH - HQ - NY,23324,-689,1500,-980
07/19/2025 18:55,SCH - HQ_CEDARS,325274,0,270,-40
07/19/2025 18:55,SCH - HQ_IMPORT_EXPORT,325376,-689,1310,-9999
07/19/2025 18:55,SCH - NE - NY,23318,-227.76,1400,-1600
07/19/2025 18:55,SCH - NPX_1385,325277,-55,125,-125
07/19/2025 18:55,SCH - NPX_CSC,325154,330,330,-330
07/19/2025 18:55,SCH - OH - NY,23317,671.06,2000,-1600
07/19/2025 18:55,SCH - PJ - NY,23316,1167.62,2000,-1050
07/19/2025 18:55,SCH - PJM_HTP,325905,660,660,-660
07/19/2025 18:55,SCH - PJM_NEPTUNE,325305,660,660,-660
07/19/2025 18:55,SCH - PJM_VFT,325658,315,315,-315
07/19/2025 18:55,SPR/DUN-SOUTH,23320,1557.49,4600,-9999
07/19/2025 18:55,TOTAL EAST,23314,1420.93,7550,-9999
07/19/2025 18:55,UPNY CONED,23315,2712.17,6985,-9999
07/19/2025 18:55,WEST CENTRAL,23312,-38.75,9999,-9999
07/19/2025 19:00,CENTRAL EAST - VC,23330,742.01,3065,-9999
07/19/2025 19:00,DYSINGER EAST,23326,617.73,3200,-9999
07/19/2025 19:00,MOSES SOUTH,23319,-404.77,3150,-1600
07/19/2025 19:00,SCH - HQ - NY,23324,-685,1500,-980
07/19/2025 19:00,SCH - HQ_CEDARS,325274,0,270,-40
07/19/2025 19:00,SCH - HQ_IMPORT_EXPORT,325376,-685,1310,-9999
07/19/2025 19:00,SCH - NE - NY,23318,-279.95,1400,-1600
07/19/2025 19:00,SCH - NPX_1385,325277,-65,125,-125
07/19/2025 19:00,SCH - NPX_CSC,325154,330,330,-330
07/19/2025 19:00,SCH - OH - NY,23317,627.3,2000,-1600
07/19/2025 19:00,SCH - PJ - NY,23316,1280.32,2000,-1050
07/19/2025 19:00,SCH - PJM_HTP,325905,660,660,-660
07/19/2025 19:00,SCH - PJM_NEPTUNE,325305,660,660,-660
07/19/2025 19:00,SCH - PJM_VFT,325658,315,315,-315
07/19/2025 19:00,SPR/DUN-SOUTH,23320,1495.67,4600,-9999
07/19/2025 19:00,TOTAL EAST,23314,1355.33,7550,-9999
07/19/2025 19:00,UPNY CONED,23315,2616.4,6985,-9999
07/19/2025 19:00,WEST CENTRAL,23312,-122.11,9999,-9999
07/19/2025 19:05,CENTRAL EAST - VC,23330,808.6,3065,-9999
07/19/2025 19:05,DYSINGER EAST,23326,596.02,3200,-9999
07/19/2025 19:05,MOSES SOUTH,23319,-385.98,3150,-1600
07/19/2025 19:05,SCH - HQ - NY,23324,-681,1500,-980
07/19/2025 19:05,SCH - HQ_CEDARS,325274,0,270,-40
07/19/2025 19:05,SCH - HQ_IMPORT_EXPORT,325376,-681,1310,-9999
07/19/2025 19:05,SCH - NE - NY,23318,-332.32,1400,-1600
07/19/2025 19:05,SCH - NPX_1385,325277,-76,125,-125
07/19/2025 19:05,SCH - NPX_CSC,325154,330,330,-330
07/19/2025 19:05,SCH - OH - NY,23317,586.04,2000,-1600
07/19/2025 19:05,SCH - PJ - NY,23316,1391.11,2000,-1050
07/19/2025 19:05,SCH - PJM_HTP,325905,660,660,-660
07/19/2025 19:05,SCH - PJM_NEPTUNE,325305,660,660,-660
07/19/2025 19:05,SCH - PJM_VFT,325658,315,315,-315
07/19/2025 19:05,SPR/DUN-SOUTH,23320,1477.94,4600,-9999
07/19/2025 19:05,TOTAL EAST,23314,1387.45,7550,-9999
07/19/2025 19:05,UPNY CONED,23315,2596.78,6985,-9999
07/19/2025 19:05,WEST CENTRAL,23312,-136.52,9999,-9999
07/19/2025 19:10,CENTRAL EAST - VC,23330,746.72,3065,-9999
07/19/2025 19:10,DYSINGER EAST,23326,660.51,3200,-9999
07/19/2025 19:10,MOSES SOUTH,23319,-409.97,3150,-1600
07/19/2025 19:10,SCH - HQ - NY,23324,-681,1500,-980
07/19/2025 19:10,SCH - HQ_CEDARS,325274,0,270,-40
07/19/2025 19:10,SCH - HQ_IMPORT_EXPORT,325376,-681,1310,-9999
07/19/2025 19:10,SCH - NE - NY,23318,-331.29,1400,-1600
07/19/2025 19:10,SCH - NPX_1385,325277,-76,125,-125
07/19/2025 19:10,SCH - NPX_CSC,325154,330,330,-330
07/19/2025 19:10,SCH - OH - NY,23317,590.88,2000,-1600
07/19/2025 19:10,SCH - PJ - NY,23316,1384.96,2000,-1050
07/19/2025 19:10,SCH - PJM_HTP,325905,660,660,-660
07/19/2025 19:10,SCH - PJM_NEPTUNE,325305,660,660,-660
07/19/2025 19:10,SCH - PJM_VFT,325658,315,315,-315
07/19/2025 19:10,SPR/DUN-SOUTH,23320,1423.68,4600,-9999
07/19/2025 19:10,TOTAL EAST,23314,1350.51,7550,-9999
07/19/2025 19:10,UPNY CONED,23315,2516.88,6985,-9999
07/19/2025 19:10,WEST CENTRAL,23312,-62.42,9999,-9999
07/19/2025 19:15,CENTRAL EAST - VC,23330,770.57,3065,-9999
07/19/2025 19:15,DYSINGER EAST,23326,683.17,3200,-9999
07/19/2025 19:15,MOSES SOUTH,23319,-445.2,3150,-1600
07/19/2025 19:15,SCH - HQ - NY,23324,-681,1500,-980
07/19/2025 19:15,SCH - HQ_CEDARS,325274,0,270,-40
07/19/2025 19:15,SCH - HQ_IMPORT_EXPORT,325376,-681,1310,-9999
07/19/2025 19:15,SCH - NE - NY,23318,-331.57,1400,-1600
07/19/2025 19:15,SCH - NPX_1385,325277,-76,125,-125
07/19/2025 19:15,SCH - NPX_CSC,325154,330,330,-330
07/19/2025 19:15,SCH - OH - NY,23317,586.95,2000,-1600
07/19/2025 19:15,SCH - PJ - NY,23316,1378.77,2000,-1050
07/19/2025 19:15,SCH - PJM_HTP,325905,660,660,-660
07/19/2025 19:15,SCH - PJM_NEPTUNE,325305,660,660,-660
07/19/2025 19:15,SCH - PJM_VFT,325658,315,315,-315
07/19/2025 19:15,SPR/DUN-SOUTH,23320,1405.78,4600,-9999
07/19/2025 19:15,TOTAL EAST,23314,1308.5,7550,-9999
07/19/2025 19:15,UPNY CONED,23315,2485.96,6985,-9999
07/19/2025 19:15,WEST CENTRAL,23312,-32.65,9999,-9999
07/19/2025 19:20,CENTRAL EAST - VC,23330,774.19,3065,-9999
07/19/2025 19:20,DYSINGER EAST,23326,707.05,3200,-9999
07/19/2025 19:20,MOSES SOUTH,23319,-456.25,3150,-1600
07/19/2025 19:20,SCH - HQ - NY,23324,-681,1500,-980
07/19/2025 19:20,SCH - HQ_CEDARS,325274,0,270,-40
07/19/2025 19:20,SCH - HQ_IMPORT_EXPORT,325376,-681,1310,-9999
07/19/2025 19:20,SCH - NE - NY,23318,-331.39,1400,-1600
07/19/2025 19:20,SCH - NPX_1385,325277,-76,125,-125
07/19/2025 19:20,SCH - NPX_CSC,325154,330,330,-330
07/19/2025 19:20,SCH - OH - NY,23317,591.35,2000,-1600
07/19/2025 19:20,SCH - PJ - NY,23316,1369.86,2000,-1050
07/19/2025 19:20,SCH - PJM_HTP,325905,660,660,-660
07/19/2025 19:20,SCH - PJM_NEPTUNE,325305,660,660,-660
07/19/2025 19:20,SCH - PJM_VFT,325658,315,315,-315
07/19/2025 19:20,SPR/DUN-SOUTH,23320,1398.06,4600,-9999
07/19/2025 19:20,TOTAL EAST,23314,1309.95,7550,-9999
07/19/2025 19:20,UPNY CONED,23315,2485.09,6985,-9999
07/19/2025 19:20,WEST CENTRAL,23312,-12.83,9999,-9999
07/19/2025 19:25,CENTRAL EAST - VC,23330,778.67,3065,-9999
07/19/2025 19:25,DYSINGER EAST,23326,654.97,3200,-9999
07/19/2025 19:25,MOSES SOUTH,23319,-472.16,3150,-1600
07/19/2025 19:25,SCH - HQ - NY,23324,-681,1500,-980
07/19/2025 19:25,SCH - HQ_CEDARS,325274,0,270,-40
07/19/2025 19:25,SCH - HQ_IMPORT_EXPORT,325376,-681,1310,-9999
07/19/2025 19:25,SCH - NE - NY,23318,-331.57,1400,-1600
07/19/2025 19:25,SCH - NPX_1385,325277,-76,125,-125
07/19/2025 19:25,SCH - NPX_CSC,325154,330,330,-330
07/19/2025 19:25,SCH - OH - NY,23317,586.89,2000,-1600
07/19/2025 19:25,SCH - PJ - NY,23316,1373.26,2000,-1050
07/19/2025 19:25,SCH - PJM_HTP,325905,660,660,-660
07/19/2025 19:25,SCH - PJM_NEPTUNE,325305,660,660,-660
07/19/2025 19:25,SCH - PJM_VFT,325658,315,315,-315
07/19/2025 19:25,SPR/DUN-SOUTH,23320,1396.44,4600,-9999
07/19/2025 19:25,TOTAL EAST,23314,1302.01,7550,-9999
07/19/2025 19:25,UPNY CONED,23315,2480.57,6985,-9999
07/19/2025 19:25,WEST CENTRAL,23312,-69.6,9999,-9999
07/19/2025 19:30,CENTRAL EAST - VC,23330,868.1,3065,-9999
07/19/2025 19:30,DYSINGER EAST,23326,791.32,3200,-9999
07/19/2025 19:30,MOSES SOUTH,23319,-449.23,3150,-1600
07/19/2025 19:30,SCH - HQ - NY,23324,-681,1500,-980
07/19/2025 19:30,SCH - HQ_CEDARS,325274,0,270,-40
07/19/2025 19:30,SCH - HQ_IMPORT_EXPORT,325376,-681,1310,-9999
07/19/2025 19:30,SCH - NE - NY,23318,-331.77,1400,-1600
07/19/2025 19:30,SCH - NPX_1385,325277,-76,125,-125
07/19/2025 19:30,SCH - NPX_CSC,325154,330,330,-330
07/19/2025 19:30,SCH - OH - NY,23317,590.73,2000,-1600
07/19/2025 19:30,SCH - PJ - NY,23316,1280.1,2000,-1050
07/19/2025 19:30,SCH - PJM_HTP,325905,660,660,-660
07/19/2025 19:30,SCH - PJM_NEPTUNE,325305,660,660,-660
07/19/2025 19:30,SCH - PJM_VFT,325658,315,315,-315
07/19/2025 19:30,SPR/DUN-SOUTH,23320,1425.31,4600,-9999
07/19/2025 19:30,TOTAL EAST,23314,1293.94,7550,-9999
07/19/2025 19:30,UPNY CONED,23315,2496,6985,-9999
07/19/2025 19:30,WEST CENTRAL,23312,64.12,9999,-9999
07/19/2025 19:35,CENTRAL EAST - VC,23330,807.05,3065,-9999
07/19/2025 19:35,DYSINGER EAST,23326,783.76,3200,-9999
07/19/2025 19:35,MOSES SOUTH,23319,-466.81,3150,-1600
07/19/2025 19:35,SCH - HQ - NY,23324,-681,1500,-980
07/19/2025 19:35,SCH - HQ_CEDARS,325274,0,270,-40
07/19/2025 19:35,SCH - HQ_IMPORT_EXPORT,325376,-681,1310,-9999
07/19/2025 19:35,SCH - NE - NY,23318,-331.64,1400,-1600
07/19/2025 19:35,SCH - NPX_1385,325277,-76,125,-125
07/19/2025 19:35,SCH - NPX_CSC,325154,330,330,-330
07/19/2025 19:35,SCH - OH - NY,23317,587.07,2000,-1600
07/19/2025 19:35,SCH - PJ - NY,23316,1199.05,2000,-1050
07/19/2025 19:35,SCH - PJM_HTP,325905,660,660,-660
07/19/2025 19:35,SCH - PJM_NEPTUNE,325305,660,660,-660
07/19/2025 19:35,SCH - PJM_VFT,325658,315,315,-315
07/19/2025 19:35,SPR/DUN-SOUTH,23320,1384.79,4600,-9999
07/19/2025 19:35,TOTAL EAST,23314,1237.14,7550,-9999
07/19/2025 19:35,UPNY CONED,23315,2421.87,6985,-9999
07/19/2025 19:35,WEST CENTRAL,23312,53.48,9999,-9999
07/19/2025 19:40,CENTRAL EAST - VC,23330,828.67,3065,-9999
07/19/2025 19:40,DYSINGER EAST,23326,824.09,3200,-9999
07/19/2025 19:40,MOSES SOUTH,23319,-450.46,3150,-1600
07/19/2025 19:40,SCH - HQ - NY,23324,-681,1500,-980
07/19/2025 19:40,SCH - HQ_CEDARS,325274,0,270,-40
07/19/2025 19:40,SCH - HQ_IMPORT_EXPORT,325376,-681,1310,-9999
07/19/2025 19:40,SCH - NE - NY,23318,-331.72,1400,-1600
07/19/2025 19:40,SCH - NPX_1385,325277,-76,125,-125
07/19/2025 19:40,SCH - NPX_CSC,325154,330,330,-330
07/19/2025 19:40,SCH - OH - NY,23317,591.28,2000,-1600
07/19/2025 19:40,SCH - PJ - NY,23316,1196.33,2000,-1050
07/19/2025 19:40,SCH - PJM_HTP,325905,660,660,-660
07/19/2025 19:40,SCH - PJM_NEPTUNE,325305,660,660,-660
07/19/2025 19:40,SCH - PJM_VFT,325658,315,315,-315
07/19/2025 19:40,SPR/DUN-SOUTH,23320,1366.27,4600,-9999
07/19/2025 19:40,TOTAL EAST,23314,1236.05,7550,-9999
07/19/2025 19:40,UPNY CONED,23315,2427.81,6985,-9999
07/19/2025 19:40,WEST CENTRAL,23312,92.43,9999,-9999
07/19/2025 19:45,CENTRAL EAST - VC,23330,819.29,3065,-9999
07/19/2025 19:45,DYSINGER EAST,23326,750.31,3200,-9999
07/19/2025 19:45,MOSES SOUTH,23319,-430.59,3150,-1600
07/19/2025 19:45,SCH - HQ - NY,23324,-681,1500,-980
07/19/2025 19:45,SCH - HQ_CEDARS,325274,0,270,-40
07/19/2025 19:45,SCH - HQ_IMPORT_EXPORT,325376,-681,1310,-9999
07/19/2025 19:45,SCH - NE - NY,23318,-331.67,1400,-1600
07/19/2025 19:45,SCH - NPX_1385,325277,-76,125,-125
07/19/2025 19:45,SCH - NPX_CSC,325154,330,330,-330
07/19/2025 19:45,SCH - OH - NY,23317,589.62,2000,-1600
07/19/2025 19:45,SCH - PJ - NY,23316,1196.07,2000,-1050
07/19/2025 19:45,SCH - PJM_HTP,325905,660,660,-660
07/19/2025 19:45,SCH - PJM_NEPTUNE,325305,660,660,-660
07/19/2025 19:45,SCH - PJM_VFT,325658,315,315,-315
07/19/2025 19:45,SPR/DUN-SOUTH,23320,1350.18,4600,-9999
07/19/2025 19:45,TOTAL EAST,23314,1176.56,7550,-9999
07/19/2025 19:45,UPNY CONED,23315,2368.67,6985,-9999
07/19/2025 19:45,WEST CENTRAL,23312,20.1,9999,-9999
07/19/2025 19:50,CENTRAL EAST - VC,23330,805.28,3065,-9999
07/19/2025 19:50,DYSINGER EAST,23326,744.95,3200,-9999
07/19/2025 19:50,MOSES SOUTH,23319,-420.43,3150,-1600
07/19/2025 19:50,SCH - HQ - NY,23324,-681,1500,-980
07/19/2025 19:50,SCH - HQ_CEDARS,325274,0,270,-40
07/19/2025 19:50,SCH - HQ_IMPORT_EXPORT,325376,-681,1310,-9999
07/19/2025 19:50,SCH - NE - NY,23318,-331.52,1400,-1600
07/19/2025 19:50,SCH - NPX_1385,325277,-76,125,-125
07/19/2025 19:50,SCH - NPX_CSC,325154,330,330,-330
07/19/2025 19:50,SCH - OH - NY,23317,590.96,2000,-1600
07/19/2025 19:50,SCH - PJ - NY,23316,1194.53,2000,-1050
07/19/2025 19:50,SCH - PJM_HTP,325905,660,660,-660
07/19/2025 19:50,SCH - PJM_NEPTUNE,325305,660,660,-660
07/19/2025 19:50,SCH - PJM_VFT,325658,315,315,-315
07/19/2025 19:50,SPR/DUN-SOUTH,23320,1339.6,4600,-9999
07/19/2025 19:50,TOTAL EAST,23314,1152.79,7550,-9999
07/19/2025 19:50,UPNY CONED,23315,2357.26,6985,-9999
07/19/2025 19:50,WEST CENTRAL,23312,20.68,9999,-9999
07/19/2025 19:55,CENTRAL EAST - VC,23330,789.51,3065,-9999
07/19/2025 19:55,DYSINGER EAST,23326,756.4,3200,-9999
07/19/2025 19:55,MOSES SOUTH,23319,-423.81,3150,-1600
07/19/2025 19:55,SCH - HQ - NY,23324,-681,1500,-980
07/19/2025 19:55,SCH - HQ_CEDARS,325274,0,270,-40
07/19/2025 19:55,SCH - HQ_IMPORT_EXPORT,325376,-681,1310,-9999
07/19/2025 19:55,SCH - NE - NY,23318,-331.52,1400,-1600
07/19/2025 19:55,SCH - NPX_1385,325277,-76,125,-125
07/19/2025 19:55,SCH - NPX_CSC,325154,330,330,-330
07/19/2025 19:55,SCH - OH - NY,23317,591.09,2000,-1600
07/19/2025 19:55,SCH - PJ - NY,23316,1196.58,2000,-1050
07/19/2025 19:55,SCH - PJM_HTP,325905,660,660,-660
07/19/2025 19:55,SCH - PJM_NEPTUNE,325305,660,660,-660
07/19/2025 19:55,SCH - PJM_VFT,325658,315,315,-315
07/19/2025 19:55,SPR/DUN-SOUTH,23320,1324.96,4600,-9999
07/19/2025 19:55,TOTAL EAST,23314,1154.9,7550,-9999
07/19/2025 19:55,UPNY CONED,23315,2348.05,6985,-9999
07/19/2025 19:55,WEST CENTRAL,23312,34.05,9999,-9999
07/19/2025 20:00,CENTRAL EAST - VC,23330,791.27,3065,-9999
07/19/2025 20:00,DYSINGER EAST,23326,754.54,3200,-9999
07/19/2025 20:00,MOSES SOUTH,23319,-422.03,3150,-1600
07/19/2025 20:00,SCH - HQ - NY,23324,-656,1500,-980
07/19/2025 20:00,SCH - HQ_CEDARS,325274,-8,270,-40
07/19/2025 20:00,SCH - HQ_IMPORT_EXPORT,325376,-656,1310,-9999
07/19/2025 20:00,SCH - NE - NY,23318,-336.56,1400,-1600
07/19/2025 20:00,SCH - NPX_1385,325277,-87,125,-125
07/19/2025 20:00,SCH - NPX_CSC,325154,330,330,-330
07/19/2025 20:00,SCH - OH - NY,23317,534.54,2000,-1600
07/19/2025 20:00,SCH - PJ - NY,23316,1212.15,2000,-1050
07/19/2025 20:00,SCH - PJM_HTP,325905,660,660,-660
07/19/2025 20:00,SCH - PJM_NEPTUNE,325305,660,660,-660
07/19/2025 20:00,SCH - PJM_VFT,325658,315,315,-315
07/19/2025 20:00,SPR/DUN-SOUTH,23320,1240.33,4600,-9999
07/19/2025 20:00,TOTAL EAST,23314,1173.51,7550,-9999
07/19/2025 20:00,UPNY CONED,23315,2265.23,6985,-9999
07/19/2025 20:00,WEST CENTRAL,23312,34.2,9999,-9999
07/19/2025 20:05,CENTRAL EAST - VC,23330,782.33,3065,-9999
07/19/2025 20:05,DYSINGER EAST,23326,707.1,3200,-9999
07/19/2025 20:05,MOSES SOUTH,23319,-378.89,3150,-1600
07/19/2025 20:05,SCH - HQ - NY,23324,-630,1500,-980
07/19/2025 20:05,SCH - HQ_CEDARS,325274,-16,270,-40
07/19/2025 20:05,SCH - HQ_IMPORT_EXPORT,325376,-630,1310,-9999
07/19/2025 20:05,SCH - NE - NY,23318,-341.54,1400,-1600
07/19/2025 20:05,SCH - NPX_1385,325277,-98,125,-125
07/19/2025 20:05,SCH - NPX_CSC,325154,330,330,-330
07/19/2025 20:05,SCH - OH - NY,23317,474.95,2000,-1600
07/19/2025 20:05,SCH - PJ - NY,23316,1231.02,2000,-1050
07/19/2025 20:05,SCH - PJM_HTP,325905,660,660,-660
07/19/2025 20:05,SCH - PJM_NEPTUNE,325305,660,660,-660
07/19/2025 20:05,SCH - PJM_VFT,325658,315,315,-315
07/19/2025 20:05,SPR/DUN-SOUTH,23320,1223.65,4600,-9999
07/19/2025 20:05,TOTAL EAST,23314,1153.87,7550,-9999
07/19/2025 20:05,UPNY CONED,23315,2244.24,6985,-9999
07/19/2025 20:05,WEST CENTRAL,23312,-13.14,9999,-9999
07/19/2025 20:10,CENTRAL EAST - VC,23330,819.87,3065,-9999
07/19/2025 20:10,DYSINGER EAST,23326,726.34,3200,-9999
07/19/2025 20:10,MOSES SOUTH,23319,-438.55,3150,-1600
07/19/2025 20:10,SCH - HQ - NY,23324,-630,1500,-980
07/19/2025 20:10,SCH - HQ_CEDARS,325274,-16,270,-40
07/19/2025 20:10,SCH - HQ_IMPORT_EXPORT,325376,-630,1310,-9999
07/19/2025 20:10,SCH - NE - NY,23318,-341.2,1400,-1600
07/19/2025 20:10,SCH - NPX_1385,325277,-98,125,-125
07/19/2025 20:10,SCH - NPX_CSC,325154,330,330,-330
07/19/2025 20:10,SCH - OH - NY,23317,477.01,2000,-1600
07/19/2025 20:10,SCH - PJ - NY,23316,1229.98,2000,-1050
07/19/2025 20:10,SCH - PJM_HTP,325905,660,660,-660
07/19/2025 20:10,SCH - PJM_NEPTUNE,325305,660,660,-660
07/19/2025 20:10,SCH - PJM_VFT,325658,315,315,-315
07/19/2025 20:10,SPR/DUN-SOUTH,23320,1255.23,4600,-9999
07/19/2025 20:10,TOTAL EAST,23314,1146.3,7550,-9999
07/19/2025 20:10,UPNY CONED,23315,2275.74,6985,-9999
07/19/2025 20:10,WEST CENTRAL,23312,8.4,9999,-9999
07/19/2025 20:15,CENTRAL EAST - VC,23330,838.59,3065,-9999
07/19/2025 20:15,DYSINGER EAST,23326,843.18,3200,-9999
07/19/2025 20:15,MOSES SOUTH,23319,-500.45,3150,-1600
07/19/2025 20:15,SCH - HQ - NY,23324,-630,1500,-980
07/19/2025 20:15,SCH - HQ_CEDARS,325274,-16,270,-40
07/19/2025 20:15,SCH - HQ_IMPORT_EXPORT,325376,-630,1310,-9999
07/19/2025 20:15,SCH - NE - NY,23318,-294.18,1400,-1600
07/19/2025 20:15,SCH - NPX_1385,325277,-98,125,-125
07/19/2025 20:15,SCH - NPX_CSC,325154,330,330,-330
07/19/2025 20:15,SCH - OH - NY,23317,474.49,2000,-1600
07/19/2025 20:15,SCH - PJ - NY,23316,1216.67,2000,-1050
07/19/2025 20:15,SCH - PJM_HTP,325905,660,660,-660
07/19/2025 20:15,SCH - PJM_NEPTUNE,325305,660,660,-660
07/19/2025 20:15,SCH - PJM_VFT,325658,315,315,-315
07/19/2025 20:15,SPR/DUN-SOUTH,23320,1233,4600,-9999
07/19/2025 20:15,TOTAL EAST,23314,1247.07,7550,-9999
07/19/2025 20:15,UPNY CONED,23315,2246.55,6985,-9999
07/19/2025 20:15,WEST CENTRAL,23312,127.57,9999,-9999
07/19/2025 20:20,CENTRAL EAST - VC,23330,794.15,3065,-9999
07/19/2025 20:20,DYSINGER EAST,23326,813.32,3200,-9999
07/19/2025 20:20,MOSES SOUTH,23319,-517.07,3150,-1600
07/19/2025 20:20,SCH - HQ - NY,23324,-630,1500,-980
07/19/2025 20:20,SCH - HQ_CEDARS,325274,-16,270,-40
07/19/2025 20:20,SCH - HQ_IMPORT_EXPORT,325376,-630,1310,-9999
07/19/2025 20:20,SCH - NE - NY,23318,-247.01,1400,-1600
07/19/2025 20:20,SCH - NPX_1385,325277,-98,125,-125
07/19/2025 20:20,SCH - NPX_CSC,325154,330,330,-330
07/19/2025 20:20,SCH - OH - NY,23317,473,2000,-1600
07/19/2025 20:20,SCH - PJ - NY,23316,1203.87,2000,-1050
07/19/2025 20:20,SCH - PJM_HTP,325905,660,660,-660
07/19/2025 20:20,SCH - PJM_NEPTUNE,325305,660,660,-660
07/19/2025 20:20,SCH - PJM_VFT,325658,315,315,-315
07/19/2025 20:20,SPR/DUN-SOUTH,23320,1239.7,4600,-9999
07/19/2025 20:20,TOTAL EAST,23314,1208.36,7550,-9999
07/19/2025 20:20,UPNY CONED,23315,2248.99,6985,-9999
07/19/2025 20:20,WEST CENTRAL,23312,100.93,9999,-9999
07/19/2025 20:25,CENTRAL EAST - VC,23330,823.7,3065,-9999
07/19/2025 20:25,DYSINGER EAST,23326,807.94,3200,-9999
07/19/2025 20:25,MOSES SOUTH,23319,-487.84,3150,-1600
07/19/2025 20:25,SCH - HQ - NY,23324,-630,1500,-980
07/19/2025 20:25,SCH - HQ_CEDARS,325274,-16,270,-40
07/19/2025 20:25,SCH - HQ_IMPORT_EXPORT,325376,-630,1310,-9999
07/19/2025 20:25,SCH - NE - NY,23318,-247.02,1400,-1600
07/19/2025 20:25,SCH - NPX_1385,325277,-98,125,-125
07/19/2025 20:25,SCH - NPX_CSC,325154,330,330,-330
07/19/2025 20:25,SCH - OH - NY,23317,474.75,2000,-1600
07/19/2025 20:25,SCH - PJ - NY,23316,1202.76,2000,-1050
07/19/2025 20:25,SCH - PJM_HTP,325905,660,660,-660
07/19/2025 20:25,SCH - PJM_NEPTUNE,325305,660,660,-660
07/19/2025 20:25,SCH - PJM_VFT,325658,315,315,-315
07/19/2025 20:25,SPR/DUN-SOUTH,23320,1271.24,4600,-9999
07/19/2025 20:25,TOTAL EAST,23314,1254.9,7550,-9999
07/19/2025 20:25,UPNY CONED,23315,2270.72,6985,-9999
07/19/2025 20:25,WEST CENTRAL,23312,106.46,9999,-9999
07/19/2025 20:30,CENTRAL EAST - VC,23330,784.57,3065,-9999
07/19/2025 20:30,DYSINGER EAST,23326,793.23,3200,-9999
07/19/2025 20:30,MOSES SOUTH,23319,-490.57,3150,-1600
07/19/2025 20:30,SCH - HQ - NY,23324,-630,1500,-980
07/19/2025 20:30,SCH - HQ_CEDARS,325274,-16,270,-40
07/19/2025 20:30,SCH - HQ_IMPORT_EXPORT,325376,-630,1310,-9999
07/19/2025 20:30,SCH - NE - NY,23318,-173.83,1400,-1600
07/19/2025 20:30,SCH - NPX_1385,325277,-98,125,-125
07/19/2025 20:30,SCH - NPX_CSC,325154,330,330,-330
07/19/2025 20:30,SCH - OH - NY,23317,475.16,2000,-1600
07/19/2025 20:30,SCH - PJ - NY,23316,1177.19,2000,-1050
07/19/2025 20:30,SCH - PJM_HTP,325905,660,660,-660
07/19/2025 20:30,SCH - PJM_NEPTUNE,325305,660,660,-660
07/19/2025 20:30,SCH - PJM_VFT,325658,315,315,-315
07/19/2025 20:30,SPR/DUN-SOUTH,23320,1277.95,4600,-9999
07/19/2025 20:30,TOTAL EAST,23314,1194.31,7550,-9999
07/19/2025 20:30,UPNY CONED,23315,2276.24,6985,-9999
07/19/2025 20:30,WEST CENTRAL,23312,97.8,9999,-9999
07/19/2025 20:35,CENTRAL EAST - VC,23330,723.63,3065,-9999
07/19/2025 20:35,DYSINGER EAST,23326,708.9,3200,-9999
07/19/2025 20:35,MOSES SOUTH,23319,-503.09,3150,-1600
07/19/2025 20:35,SCH - HQ - NY,23324,-630,1500,-980
07/19/2025 20:35,SCH - HQ_CEDARS,325274,-16,270,-40
07/19/2025 20:35,SCH - HQ_IMPORT_EXPORT,325376,-630,1310,-9999
07/19/2025 20:35,SCH - NE - NY,23318,-100.66,1400,-1600
07/19/2025 20:35,SCH - NPX_1385,325277,-98,125,-125
07/19/2025 20:35,SCH - NPX_CSC,325154,330,330,-330
07/19/2025 20:35,SCH - OH - NY,23317,471.93,2000,-1600
07/19/2025 20:35,SCH - PJ - NY,23316,1153.22,2000,-1050
07/19/2025 20:35,SCH - PJM_HTP,325905,660,660,-660
07/19/2025 20:35,SCH - PJM_NEPTUNE,325305,660,660,-660
07/19/2025 20:35,SCH - PJM_VFT,325658,315,315,-315
07/19/2025 20:35,SPR/DUN-SOUTH,23320,1283.82,4600,-9999
07/19/2025 20:35,TOTAL EAST,23314,1101.53,7550,-9999
07/19/2025 20:35,UPNY CONED,23315,2273.82,6985,-9999
07/19/2025 20:35,WEST CENTRAL,23312,13.87,9999,-9999
07/19/2025 20:40,CENTRAL EAST - VC,23330,691.51,3065,-9999
07/19/2025 20:40,DYSINGER EAST,23326,684.35,3200,-9999
07/19/2025 20:40,MOSES SOUTH,23319,-505.4,3150,-1600
07/19/2025 20:40,SCH - HQ - NY,23324,-630,1500,-980
07/19/2025 20:40,SCH - HQ_CEDARS,325274,-16,270,-40
07/19/2025 20:40,SCH - HQ_IMPORT_EXPORT,325376,-630,1310,-9999
07/19/2025 20:40,SCH - NE - NY,23318,-100.56,1400,-1600
07/19/2025 20:40,SCH - NPX_1385,325277,-98,125,-125
07/19/2025 20:40,SCH - NPX_CSC,325154,330,330,-330
07/19/2025 20:40,SCH - OH - NY,23317,474.97,2000,-1600
07/19/2025 20:40,SCH - PJ - NY,23316,1148.64,2000,-1050
07/19/2025 20:40,SCH - PJM_HTP,325905,660,660,-660
07/19/2025 20:40,SCH - PJM_NEPTUNE,325305,660,660,-660
07/19/2025 20:40,SCH - PJM_VFT,325658,315,315,-315
07/19/2025 20:40,SPR/DUN-SOUTH,23320,1278.66,4600,-9999
07/19/2025 20:40,TOTAL EAST,23314,1102.77,7550,-9999
07/19/2025 20:40,UPNY CONED,23315,2270.24,6985,-9999
07/19/2025 20:40,WEST CENTRAL,23312,-10.68,9999,-9999
07/19/2025 20:45,CENTRAL EAST - VC,23330,690.7,3065,-9999
07/19/2025 20:45,DYSINGER EAST,23326,655.37,3200,-9999
07/19/2025 20:45,MOSES SOUTH,23319,-478.08,3150,-1600
07/19/2025 20:45,SCH - HQ - NY,23324,-630,1500,-980
07/19/2025 20:45,SCH - HQ_CEDARS,325274,-16,270,-40
07/19/2025 20:45,SCH - HQ_IMPORT_EXPORT,325376,-630,1310,-9999
07/19/2025 20:45,SCH - NE - NY,23318,-48.49,1400,-1600
07/19/2025 20:45,SCH - NPX_1385,325277,-98,125,-125
07/19/2025 20:45,SCH - NPX_CSC,325154,330,330,-330
07/19/2025 20:45,SCH - OH - NY,23317,472.78,2000,-1600
07/19/2025 20:45,SCH - PJ - NY,23316,1147.43,2000,-1050
07/19/2025 20:45,SCH - PJM_HTP,325905,660,660,-660
07/19/2025 20:45,SCH - PJM_NEPTUNE,325305,660,660,-660
07/19/2025 20:45,SCH - PJM_VFT,325658,315,315,-315
07/19/2025 20:45,SPR/DUN-SOUTH,23320,1296.48,4600,-9999
07/19/2025 20:45,TOTAL EAST,23314,1039.7,7550,-9999
07/19/2025 20:45,UPNY CONED,23315,2290.6,6985,-9999
07/19/2025 20:45,WEST CENTRAL,23312,-39.56,9999,-9999
07/19/2025 20:50,CENTRAL EAST - VC,23330,683.72,3065,-9999
07/19/2025 20:50,DYSINGER EAST,23326,701.92,3200,-9999
07/19/2025 20:50,MOSES SOUTH,23319,-491.39,3150,-1600
07/19/2025 20:50,SCH - HQ - NY,23324,-630,1500,-980
07/19/2025 20:50,SCH - HQ_CEDARS,325274,-16,270,-40
07/19/2025 20:50,SCH - HQ_IMPORT_EXPORT,325376,-630,1310,-9999
07/19/2025 20:50,SCH - NE - NY,23318,3.68,1400,-1600
07/19/2025 20:50,SCH - NPX_1385,325277,-98,125,-125
07/19/2025 20:50,SCH - NPX_CSC,325154,330,330,-330
07/19/2025 20:50,SCH - OH - NY,23317,475.47,2000,-1600
07/19/2025 20:50,SCH - PJ - NY,23316,1140.39,2000,-1050
07/19/2025 20:50,SCH - PJM_HTP,325905,660,660,-660
07/19/2025 20:50,SCH - PJM_NEPTUNE,325305,660,660,-660
07/19/2025 20:50,SCH - PJM_VFT,325658,315,315,-315
07/19/2025 20:50,SPR/DUN-SOUTH,23320,1294.68,4600,-9999
07/19/2025 20:50,TOTAL EAST,23314,1033.92,7550,-9999
07/19/2025 20:50,UPNY CONED,23315,2335.72,6985,-9999
07/19/2025 20:50,WEST CENTRAL,23312,7.83,9999,-9999
07/19/2025 20:55,CENTRAL EAST - VC,23330,685.91,3065,-9999
07/19/2025 20:55,DYSINGER EAST,23326,657.21,3200,-9999
07/19/2025 20:55,MOSES SOUTH,23319,-512.07,3150,-1600
07/19/2025 20:55,SCH - HQ - NY,23324,-630,1500,-980
07/19/2025 20:55,SCH - HQ_CEDARS,325274,-16,270,-40
07/19/2025 20:55,SCH - HQ_IMPORT_EXPORT,325376,-630,1310,-9999
07/19/2025 20:55,SCH - NE - NY,23318,3.61,1400,-1600
07/19/2025 20:55,SCH - NPX_1385,325277,-98,125,-125
07/19/2025 20:55,SCH - NPX_CSC,325154,330,330,-330
07/19/2025 20:55,SCH - OH - NY,23317,469.98,2000,-1600
07/19/2025 20:55,SCH - PJ - NY,23316,1147.4,2000,-1050
07/19/2025 20:55,SCH - PJM_HTP,325905,660,660,-660
07/19/2025 20:55,SCH - PJM_NEPTUNE,325305,660,660,-660
07/19/2025 20:55,SCH - PJM_VFT,325658,315,315,-315
07/19/2025 20:55,SPR/DUN-SOUTH,23320,1315.53,4600,-9999
07/19/2025 20:55,TOTAL EAST,23314,1038.09,7550,-9999
07/19/2025 20:55,UPNY CONED,23315,2350.4,6985,-9999
07/19/2025 20:55,WEST CENTRAL,23312,-34.52,9999,-9999
07/19/2025 21:00,CENTRAL EAST - VC,23330,806.92,3065,-9999
07/19/2025 21:00,DYSINGER EAST,23326,851.26,3200,-9999
07/19/2025 21:00,MOSES SOUTH,23319,-514.21,3150,-1600
07/19/2025 21:00,SCH - HQ - NY,23324,-644,1500,-980
07/19/2025 21:00,SCH - HQ_CEDARS,325274,-24,270,-40
07/19/2025 21:00,SCH - HQ_IMPORT_EXPORT,325376,-644,1310,-9999
07/19/2025 21:00,SCH - NE - NY,23318,-98.68,1400,-1600
07/19/2025 21:00,SCH - NPX_1385,325277,-105,125,-125
07/19/2025 21:00,SCH - NPX_CSC,325154,330,330,-330
07/19/2025 21:00,SCH - OH - NY,23317,607.07,2000,-1600
07/19/2025 21:00,SCH - PJ - NY,23316,984.27,2000,-1050
07/19/2025 21:00,SCH - PJM_HTP,325905,660,660,-660
07/19/2025 21:00,SCH - PJM_NEPTUNE,325305,660,660,-660
07/19/2025 21:00,SCH - PJM_VFT,325658,315,315,-315
07/19/2025 21:00,SPR/DUN-SOUTH,23320,1293.88,4600,-9999
07/19/2025 21:00,TOTAL EAST,23314,1102.77,7550,-9999
07/19/2025 21:00,UPNY CONED,23315,2341.29,6985,-9999
07/19/2025 21:00,WEST CENTRAL,23312,161.66,9999,-9999
07/19/2025 21:05,CENTRAL EAST - VC,23330,861.71,3065,-9999
07/19/2025 21:05,DYSINGER EAST,23326,1029.08,3200,-9999
07/19/2025 21:05,MOSES SOUTH,23319,-561.69,3150,-1600
07/19/2025 21:05,SCH - HQ - NY,23324,-658,1500,-980
07/19/2025 21:05,SCH - HQ_CEDARS,325274,-32,270,-40
07/19/2025 21:05,SCH - HQ_IMPORT_EXPORT,325376,-658,1310,-9999
07/19/2025 21:05,SCH - NE - NY,23318,-201.37,1400,-1600
07/19/2025 21:05,SCH - NPX_1385,325277,-113,125,-125
07/19/2025 21:05,SCH - NPX_CSC,325154,330,330,-330
07/19/2025 21:05,SCH - OH - NY,23317,743.88,2000,-1600
07/19/2025 21:05,SCH - PJ - NY,23316,817.73,2000,-1050
07/19/2025 21:05,SCH - PJM_HTP,325905,660,660,-660
07/19/2025 21:05,SCH - PJM_NEPTUNE,325305,660,660,-660
07/19/2025 21:05,SCH - PJM_VFT,325658,315,315,-315
07/19/2025 21:05,SPR/DUN-SOUTH,23320,1271.44,4600,-9999
07/19/2025 21:05,TOTAL EAST,23314,1182.65,7550,-9999
07/19/2025 21:05,UPNY CONED,23315,2317.88,6985,-9999
07/19/2025 21:05,WEST CENTRAL,23312,339.34,9999,-9999
07/19/2025 21:10,CENTRAL EAST - VC,23330,794.75,3065,-9999
07/19/2025 21:10,DYSINGER EAST,23326,875.53,3200,-9999
07/19/2025 21:10,MOSES SOUTH,23319,-571.86,3150,-1600
07/19/2025 21:10,SCH - HQ - NY,23324,-658,1500,-980
07/19/2025 21:10,SCH - HQ_CEDARS,325274,-32,270,-40
07/19/2025 21:10,SCH - HQ_IMPORT_EXPORT,325376,-658,1310,-9999
07/19/2025 21:10,SCH - NE - NY,23318,-202.29,1400,-1600
07/19/2025 21:10,SCH - NPX_1385,325277,-113,125,-125
07/19/2025 21:10,SCH - NPX_CSC,325154,330,330,-330
07/19/2025 21:10,SCH - OH - NY,23317,744.01,2000,-1600
07/19/2025 21:10,SCH - PJ - NY,23316,819.58,2000,-1050
07/19/2025 21:10,SCH - PJM_HTP,325905,660,660,-660
07/19/2025 21:10,SCH - PJM_NEPTUNE,325305,660,660,-660
07/19/2025 21:10,SCH - PJM_VFT,325658,315,315,-315
07/19/2025 21:10,SPR/DUN-SOUTH,23320,1267,4600,-9999
07/19/2025 21:10,TOTAL EAST,23314,1188.25,7550,-9999
07/19/2025 21:10,UPNY CONED,23315,2321.28,6985,-9999
07/19/2025 21:10,WEST CENTRAL,23312,189.99,9999,-9999
07/19/2025 21:15,CENTRAL EAST - VC,23330,818.89,3065,-9999
07/19/2025 21:15,DYSINGER EAST,23326,809.63,3200,-9999
07/19/2025 21:15,MOSES SOUTH,23319,-538.89,3150,-1600
07/19/2025 21:15,SCH - HQ - NY,23324,-658,1500,-980
07/19/2025 21:15,SCH - HQ_CEDARS,325274,-32,270,-40
07/19/2025 21:15,SCH - HQ_IMPORT_EXPORT,325376,-658,1310,-9999
07/19/2025 21:15,SCH - NE - NY,23318,-209,1400,-1600
07/19/2025 21:15,SCH - NPX_1385,325277,-113,125,-125
07/19/2025 21:15,SCH - NPX_CSC,325154,330,330,-330
07/19/2025 21:15,SCH - OH - NY,23317,744.04,2000,-1600
07/19/2025 21:15,SCH - PJ - NY,23316,820.28,2000,-1050
07/19/2025 21:15,SCH - PJM_HTP,325905,660,660,-660
07/19/2025 21:15,SCH - PJM_NEPTUNE,325305,660,660,-660
07/19/2025 21:15,SCH - PJM_VFT,325658,315,315,-315
07/19/2025 21:15,SPR/DUN-SOUTH,23320,1266.96,4600,-9999
07/19/2025 21:15,TOTAL EAST,23314,1181.65,7550,-9999
07/19/2025 21:15,UPNY CONED,23315,2315.93,6985,-9999
07/19/2025 21:15,WEST CENTRAL,23312,130.55,9999,-9999
07/19/2025 21:20,CENTRAL EAST - VC,23330,808.33,3065,-9999
07/19/2025 21:20,DYSINGER EAST,23326,708.4,3200,-9999
07/19/2025 21:20,MOSES SOUTH,23319,-535.11,3150,-1600
07/19/2025 21:20,SCH - HQ - NY,23324,-658,1500,-980
07/19/2025 21:20,SCH - HQ_CEDARS,325274,-32,270,-40
07/19/2025 21:20,SCH - HQ_IMPORT_EXPORT,325376,-658,1310,-9999
07/19/2025 21:20,SCH - NE - NY,23318,-216.21,1400,-1600
07/19/2025 21:20,SCH - NPX_1385,325277,-113,125,-125
07/19/2025 21:20,SCH - NPX_CSC,325154,330,330,-330
07/19/2025 21:20,SCH - OH - NY,23317,744.17,2000,-1600
07/19/2025 21:20,SCH - PJ - NY,23316,822.92,2000,-1050
07/19/2025 21:20,SCH - PJM_HTP,325905,660,660,-660
07/19/2025 21:20,SCH - PJM_NEPTUNE,325305,660,660,-660
07/19/2025 21:20,SCH - PJM_VFT,325658,315,315,-315
07/19/2025 21:20,SPR/DUN-SOUTH,23320,1270.46,4600,-9999
07/19/2025 21:20,TOTAL EAST,23314,1156.88,7550,-9999
07/19/2025 21:20,UPNY CONED,23315,2307.51,6985,-9999
07/19/2025 21:20,WEST CENTRAL,23312,34.09,9999,-9999
07/19/2025 21:25,CENTRAL EAST - VC,23330,747.03,3065,-9999
07/19/2025 21:25,DYSINGER EAST,23326,671.64,3200,-9999
07/19/2025 21:25,MOSES SOUTH,23319,-574.44,3150,-1600
07/19/2025 21:25,SCH - HQ - NY,23324,-658,1500,-980
07/19/2025 21:25,SCH - HQ_CEDARS,325274,-32,270,-40
07/19/2025 21:25,SCH - HQ_IMPORT_EXPORT,325376,-658,1310,-9999
07/19/2025 21:25,SCH - NE - NY,23318,-216.22,1400,-1600
07/19/2025 21:25,SCH - NPX_1385,325277,-113,125,-125
07/19/2025 21:25,SCH - NPX_CSC,325154,330,330,-330
07/19/2025 21:25,SCH - OH - NY,23317,744.31,2000,-1600
07/19/2025 21:25,SCH - PJ - NY,23316,819.6,2000,-1050
07/19/2025 21:25,SCH - PJM_HTP,325905,660,660,-660
07/19/2025 21:25,SCH - PJM_NEPTUNE,325305,660,660,-660
07/19/2025 21:25,SCH - PJM_VFT,325658,315,315,-315
07/19/2025 21:25,SPR/DUN-SOUTH,23320,1277.61,4600,-9999
07/19/2025 21:25,TOTAL EAST,23314,1170.75,7550,-9999
07/19/2025 21:25,UPNY CONED,23315,2302.65,6985,-9999
07/19/2025 21:25,WEST CENTRAL,23312,0.41,9999,-9999
07/19/2025 21:30,CENTRAL EAST - VC,23330,818.96,3065,-9999
07/19/2025 21:30,DYSINGER EAST,23326,750.56,3200,-9999
07/19/2025 21:30,MOSES SOUTH,23319,-558.3,3150,-1600
07/19/2025 21:30,SCH - HQ - NY,23324,-658,1500,-980
07/19/2025 21:30,SCH - HQ_CEDARS,325274,-32,270,-40
07/19/2025 21:30,SCH - HQ_IMPORT_EXPORT,325376,-658,1310,-9999
07/19/2025 21:30,SCH - NE - NY,23318,-209.33,1400,-1600
07/19/2025 21:30,SCH - NPX_1385,325277,-113,125,-125
07/19/2025 21:30,SCH - NPX_CSC,325154,330,330,-330
07/19/2025 21:30,SCH - OH - NY,23317,744.14,2000,-1600
07/19/2025 21:30,SCH - PJ - NY,23316,818.27,2000,-1050
07/19/2025 21:30,SCH - PJM_HTP,325905,660,660,-660
07/19/2025 21:30,SCH - PJM_NEPTUNE,325305,660,660,-660
07/19/2025 21:30,SCH - PJM_VFT,325658,315,315,-315
07/19/2025 21:30,SPR/DUN-SOUTH,23320,1340.57,4600,-9999
07/19/2025 21:30,TOTAL EAST,23314,1208.53,7550,-9999
07/19/2025 21:30,UPNY CONED,23315,2367.58,6985,-9999
07/19/2025 21:30,WEST CENTRAL,23312,86.15,9999,-9999
07/19/2025 21:35,CENTRAL EAST - VC,23330,761.22,3065,-9999
07/19/2025 21:35,DYSINGER EAST,23326,674.84,3200,-9999
07/19/2025 21:35,MOSES SOUTH,23319,-575.95,3150,-1600
07/19/2025 21:35,SCH - HQ - NY,23324,-658,1500,-980
07/19/2025 21:35,SCH - HQ_CEDARS,325274,-32,270,-40
07/19/2025 21:35,SCH - HQ_IMPORT_EXPORT,325376,-658,1310,-9999
07/19/2025 21:35,SCH - NE - NY,23318,-202.3,1400,-1600
07/19/2025 21:35,SCH - NPX_1385,325277,-113,125,-125
07/19/2025 21:35,SCH - NPX_CSC,325154,330,330,-330
07/19/2025 21:35,SCH - OH - NY,23317,744.26,2000,-1600
07/19/2025 21:35,SCH - PJ - NY,23316,816.07,2000,-1050
07/19/2025 21:35,SCH - PJM_HTP,325905,660,660,-660
07/19/2025 21:35,SCH - PJM_NEPTUNE,325305,660,660,-660
07/19/2025 21:35,SCH - PJM_VFT,325658,315,315,-315
07/19/2025 21:35,SPR/DUN-SOUTH,23320,1344.88,4600,-9999
07/19/2025 21:35,TOTAL EAST,23314,1192.64,7550,-9999
07/19/2025 21:35,UPNY CONED,23315,2359.03,6985,-9999
07/19/2025 21:35,WEST CENTRAL,23312,15.67,9999,-9999
07/19/2025 21:40,CENTRAL EAST - VC,23330,777.82,3065,-9999
07/19/2025 21:40,DYSINGER EAST,23326,661.68,3200,-9999
07/19/2025 21:40,MOSES SOUTH,23319,-567.38,3150,-1600
07/19/2025 21:40,SCH - HQ - NY,23324,-658,1500,-980
07/19/2025 21:40,SCH - HQ_CEDARS,325274,-32,270,-40
07/19/2025 21:40,SCH - HQ_IMPORT_EXPORT,325376,-658,1310,-9999
07/19/2025 21:40,SCH - NE - NY,23318,-202.26,1400,-1600
07/19/2025 21:40,SCH - NPX_1385,325277,-113,125,-125
07/19/2025 21:40,SCH - NPX_CSC,325154,330,330,-330
07/19/2025 21:40,SCH - OH - NY,23317,744.26,2000,-1600
07/19/2025 21:40,SCH - PJ - NY,23316,816.58,2000,-1050
07/19/2025 21:40,SCH - PJM_HTP,325905,660,660,-660
07/19/2025 21:40,SCH - PJM_NEPTUNE,325305,660,660,-660
07/19/2025 21:40,SCH - PJM_VFT,325658,315,315,-315
07/19/2025 21:40,SPR/DUN-SOUTH,23320,1362.46,4600,-9999
07/19/2025 21:40,TOTAL EAST,23314,1186.64,7550,-9999
07/19/2025 21:40,UPNY CONED,23315,2369.17,6985,-9999
07/19/2025 21:40,WEST CENTRAL,23312,9.68,9999,-9999
07/19/2025 21:45,CENTRAL EAST - VC,23330,733.39,3065,-9999
07/19/2025 21:45,DYSINGER EAST,23326,658.22,3200,-9999
07/19/2025 21:45,MOSES SOUTH,23319,-570.57,3150,-1600
07/19/2025 21:45,SCH - HQ - NY,23324,-658,1500,-980
07/19/2025 21:45,SCH - HQ_CEDARS,325274,-32,270,-40
07/19/2025 21:45,SCH - HQ_IMPORT_EXPORT,325376,-658,1310,-9999
07/19/2025 21:45,SCH - NE - NY,23318,-209.45,1400,-1600
07/19/2025 21:45,SCH - NPX_1385,325277,-113,125,-125
07/19/2025 21:45,SCH - NPX_CSC,325154,330,330,-330
07/19/2025 21:45,SCH - OH - NY,23317,744.22,2000,-1600
07/19/2025 21:45,SCH - PJ - NY,23316,808.06,2000,-1050
07/19/2025 21:45,SCH - PJM_HTP,325905,660,660,-660
07/19/2025 21:45,SCH - PJM_NEPTUNE,325305,660,660,-660
07/19/2025 21:45,SCH - PJM_VFT,325658,315,315,-315
07/19/2025 21:45,SPR/DUN-SOUTH,23320,1440.28,4600,-9999
07/19/2025 21:45,TOTAL EAST,23314,1100.27,7550,-9999
07/19/2025 21:45,UPNY CONED,23315,2442.29,6985,-9999
07/19/2025 21:45,WEST CENTRAL,23312,11.19,9999,-9999
07/19/2025 21:50,CENTRAL EAST - VC,23330,697.77,3065,-9999
07/19/2025 21:50,DYSINGER EAST,23326,629.2,3200,-9999
07/19/2025 21:50,MOSES SOUTH,23319,-574.62,3150,-1600
07/19/2025 21:50,SCH - HQ - NY,23324,-658,1500,-980
07/19/2025 21:50,SCH - HQ_CEDARS,325274,-32,270,-40
07/19/2025 21:50,SCH - HQ_IMPORT_EXPORT,325376,-658,1310,-9999
07/19/2025 21:50,SCH - NE - NY,23318,-216.28,1400,-1600
07/19/2025 21:50,SCH - NPX_1385,325277,-113,125,-125
07/19/2025 21:50,SCH - NPX_CSC,325154,330,330,-330
07/19/2025 21:50,SCH - OH - NY,23317,744.21,2000,-1600
07/19/2025 21:50,SCH - PJ - NY,23316,793.28,2000,-1050
07/19/2025 21:50,SCH - PJM_HTP,325905,660,660,-660
07/19/2025 21:50,SCH - PJM_NEPTUNE,325305,660,660,-660
07/19/2025 21:50,SCH - PJM_VFT,325658,315,315,-315
07/19/2025 21:50,SPR/DUN-SOUTH,23320,1416.01,4600,-9999
07/19/2025 21:50,TOTAL EAST,23314,1075.55,7550,-9999
07/19/2025 21:50,UPNY CONED,23315,2419.93,6985,-9999
07/19/2025 21:50,WEST CENTRAL,23312,-14.87,9999,-9999
07/19/2025 21:55,CENTRAL EAST - VC,23330,685.73,3065,-9999
07/19/2025 21:55,DYSINGER EAST,23326,538.28,3200,-9999
07/19/2025 21:55,MOSES SOUTH,23319,-543.15,3150,-1600
07/19/2025 21:55,SCH - HQ - NY,23324,-658,1500,-980
07/19/2025 21:55,SCH - HQ_CEDARS,325274,-32,270,-40
07/19/2025 21:55,SCH - HQ_IMPORT_EXPORT,325376,-658,1310,-9999
07/19/2025 21:55,SCH - NE - NY,23318,-216.2,1400,-1600
07/19/2025 21:55,SCH - NPX_1385,325277,-113,125,-125
07/19/2025 21:55,SCH - NPX_CSC,325154,330,330,-330
07/19/2025 21:55,SCH - OH - NY,23317,744.18,2000,-1600
07/19/2025 21:55,SCH - PJ - NY,23316,793.58,2000,-1050
07/19/2025 21:55,SCH - PJM_HTP,325905,660,660,-660
07/19/2025 21:55,SCH - PJM_NEPTUNE,325305,660,660,-660
07/19/2025 21:55,SCH - PJM_VFT,325658,315,315,-315
07/19/2025 21:55,SPR/DUN-SOUTH,23320,1315.79,4600,-9999
07/19/2025 21:55,TOTAL EAST,23314,1021.5,7550,-9999
07/19/2025 21:55,UPNY CONED,23315,2329.06,6985,-9999
07/19/2025 21:55,WEST CENTRAL,23312,-102.88,9999,-9999
07/19/2025 22:00,CENTRAL EAST - VC,23330,779.41,3065,-9999
07/19/2025 22:00,DYSINGER EAST,23326,533.47,3200,-9999
07/19/2025 22:00,MOSES SOUTH,23319,-483.71,3150,-1600
07/19/2025 22:00,SCH - HQ - NY,23324,-574,1500,-980
07/19/2025 22:00,SCH - HQ_CEDARS,325274,-16,270,-40
07/19/2025 22:00,SCH - HQ_IMPORT_EXPORT,325376,-574,1310,-9999
07/19/2025 22:00,SCH - NE - NY,23318,-255.32,1400,-1600
07/19/2025 22:00,SCH - NPX_1385,325277,-103,125,-125
07/19/2025 22:00,SCH - NPX_CSC,325154,330,330,-330
07/19/2025 22:00,SCH - OH - NY,23317,943.29,2000,-1600
07/19/2025 22:00,SCH - PJ - NY,23316,678.42,2000,-1050
07/19/2025 22:00,SCH - PJM_HTP,325905,660,660,-660
07/19/2025 22:00,SCH - PJM_NEPTUNE,325305,660,660,-660
07/19/2025 22:00,SCH - PJM_VFT,325658,315,315,-315
07/19/2025 22:00,SPR/DUN-SOUTH,23320,1386.93,4600,-9999
07/19/2025 22:00,TOTAL EAST,23314,1135.56,7550,-9999
07/19/2025 22:00,UPNY CONED,23315,2431.73,6985,-9999
07/19/2025 22:00,WEST CENTRAL,23312,-100.52,9999,-9999
07/19/2025 22:05,CENTRAL EAST - VC,23330,907.93,3065,-9999
07/19/2025 22:05,DYSINGER EAST,23326,693.36,3200,-9999
07/19/2025 22:05,MOSES SOUTH,23319,-379.76,3150,-1600
07/19/2025 22:05,SCH - HQ - NY,23324,-489,1500,-980
07/19/2025 22:05,SCH - HQ_CEDARS,325274,0,270,-40
07/19/2025 22:05,SCH - HQ_IMPORT_EXPORT,325376,-489,1310,-9999
07/19/2025 22:05,SCH - NE - NY,23318,-294.79,1400,-1600
07/19/2025 22:05,SCH - NPX_1385,325277,-93,125,-125
07/19/2025 22:05,SCH - NPX_CSC,325154,330,330,-330
07/19/2025 22:05,SCH - OH - NY,23317,1142.22,2000,-1600
07/19/2025 22:05,SCH - PJ - NY,23316,559.13,2000,-1050
07/19/2025 22:05,SCH - PJM_HTP,325905,660,660,-660
07/19/2025 22:05,SCH - PJM_NEPTUNE,325305,660,660,-660
07/19/2025 22:05,SCH - PJM_VFT,325658,315,315,-315
07/19/2025 22:05,SPR/DUN-SOUTH,23320,1477.05,4600,-9999
07/19/2025 22:05,TOTAL EAST,23314,1288.66,7550,-9999
07/19/2025 22:05,UPNY CONED,23315,2514.52,6985,-9999
07/19/2025 22:05,WEST CENTRAL,23312,69.18,9999,-9999
07/19/2025 22:10,CENTRAL EAST - VC,23330,993.45,3065,-9999
07/19/2025 22:10,DYSINGER EAST,23326,746.6,3200,-9999
07/19/2025 22:10,MOSES SOUTH,23319,-333.92,3150,-1600
07/19/2025 22:10,SCH - HQ - NY,23324,-489,1500,-980
07/19/2025 22:10,SCH - HQ_CEDARS,325274,0,270,-40
07/19/2025 22:10,SCH - HQ_IMPORT_EXPORT,325376,-489,1310,-9999
07/19/2025 22:10,SCH - NE - NY,23318,-295.12,1400,-1600
07/19/2025 22:10,SCH - NPX_1385,325277,-93,125,-125
07/19/2025 22:10,SCH - NPX_CSC,325154,330,330,-330
07/19/2025 22:10,SCH - OH - NY,23317,1142.09,2000,-1600
07/19/2025 22:10,SCH - PJ - NY,23316,559.77,2000,-1050
07/19/2025 22:10,SCH - PJM_HTP,325905,660,660,-660
07/19/2025 22:10,SCH - PJM_NEPTUNE,325305,660,660,-660
07/19/2025 22:10,SCH - PJM_VFT,325658,315,315,-315
07/19/2025 22:10,SPR/DUN-SOUTH,23320,1520.4,4600,-9999
07/19/2025 22:10,TOTAL EAST,23314,1314.3,7550,-9999
07/19/2025 22:10,UPNY CONED,23315,2563.73,6985,-9999
07/19/2025 22:10,WEST CENTRAL,23312,129.75,9999,-9999
07/19/2025 22:15,CENTRAL EAST - VC,23330,1016.92,3065,-9999
07/19/2025 22:15,DYSINGER EAST,23326,647.67,3200,-9999
07/19/2025 22:15,MOSES SOUTH,23319,-347,3150,-1600
07/19/2025 22:15,SCH - HQ - NY,23324,-489,1500,-980
07/19/2025 22:15,SCH - HQ_CEDARS,325274,0,270,-40
07/19/2025 22:15,SCH - HQ_IMPORT_EXPORT,325376,-489,1310,-9999
07/19/2025 22:15,SCH - NE - NY,23318,-361.54,1400,-1600
07/19/2025 22:15,SCH - NPX_1385,325277,-93,125,-125
07/19/2025 22:15,SCH - NPX_CSC,325154,330,330,-330
07/19/2025 22:15,SCH - OH - NY,23317,1142.4,2000,-1600
07/19/2025 22:15,SCH - PJ - NY,23316,560.48,2000,-1050
07/19/2025 22:15,SCH - PJM_HTP,325905,660,660,-660
07/19/2025 22:15,SCH - PJM_NEPTUNE,325305,660,660,-660
07/19/2025 22:15,SCH - PJM_VFT,325658,315,315,-315
07/19/2025 22:15,SPR/DUN-SOUTH,23320,1501.71,4600,-9999
07/19/2025 22:15,TOTAL EAST,23314,1352.81,7550,-9999
07/19/2025 22:15,UPNY CONED,23315,2536.88,6985,-9999
07/19/2025 22:15,WEST CENTRAL,23312,40.37,9999,-9999
07/19/2025 22:20,CENTRAL EAST - VC,23330,992.03,3065,-9999
07/19/2025 22:20,DYSINGER EAST,23326,640.49,3200,-9999
07/19/2025 22:20,MOSES SOUTH,23319,-339.52,3150,-1600
07/19/2025 22:20,SCH - HQ - NY,23324,-489,1500,-980
07/19/2025 22:20,SCH - HQ_CEDARS,325274,0,270,-40
07/19/2025 22:20,SCH - HQ_IMPORT_EXPORT,325376,-489,1310,-9999
07/19/2025 22:20,SCH - NE - NY,23318,-428.47,1400,-1600
07/19/2025 22:20,SCH - NPX_1385,325277,-93,125,-125
07/19/2025 22:20,SCH - NPX_CSC,325154,330,330,-330
07/19/2025 22:20,SCH - OH - NY,23317,1142.22,2000,-1600
07/19/2025 22:20,SCH - PJ - NY,23316,560.34,2000,-1050
07/19/2025 22:20,SCH - PJM_HTP,325905,660,660,-660
07/19/2025 22:20,SCH - PJM_NEPTUNE,325305,660,660,-660
07/19/2025 22:20,SCH - PJM_VFT,325658,315,315,-315
07/19/2025 22:20,SPR/DUN-SOUTH,23320,1485.82,4600,-9999
07/19/2025 22:20,TOTAL EAST,23314,1389.16,7550,-9999
07/19/2025 22:20,UPNY CONED,23315,2512.99,6985,-9999
07/19/2025 22:20,WEST CENTRAL,23312,37,9999,-9999
07/19/2025 22:25,CENTRAL EAST - VC,23330,976.59,3065,-9999
07/19/2025 22:25,DYSINGER EAST,23326,618.26,3200,-9999
07/19/2025 22:25,MOSES SOUTH,23319,-339.28,3150,-1600
07/19/2025 22:25,SCH - HQ - NY,23324,-489,1500,-980
07/19/2025 22:25,SCH - HQ_CEDARS,325274,0,270,-40
07/19/2025 22:25,SCH - HQ_IMPORT_EXPORT,325376,-489,1310,-9999
07/19/2025 22:25,SCH - NE - NY,23318,-428.64,1400,-1600
07/19/2025 22:25,SCH - NPX_1385,325277,-93,125,-125
07/19/2025 22:25,SCH - NPX_CSC,325154,330,330,-330
07/19/2025 22:25,SCH - OH - NY,23317,1142.26,2000,-1600
07/19/2025 22:25,SCH - PJ - NY,23316,558.78,2000,-1050
07/19/2025 22:25,SCH - PJM_HTP,325905,660,660,-660
07/19/2025 22:25,SCH - PJM_NEPTUNE,325305,660,660,-660
07/19/2025 22:25,SCH - PJM_VFT,325658,315,315,-315
07/19/2025 22:25,SPR/DUN-SOUTH,23320,1504.09,4600,-9999
07/19/2025 22:25,TOTAL EAST,23314,1425.94,7550,-9999
07/19/2025 22:25,UPNY CONED,23315,2522.63,6985,-9999
07/19/2025 22:25,WEST CENTRAL,23312,21.68,9999,-9999
07/19/2025 22:30,CENTRAL EAST - VC,23330,943.43,3065,-9999
07/19/2025 22:30,DYSINGER EAST,23326,592.04,3200,-9999
07/19/2025 22:30,MOSES SOUTH,23319,-332.93,3150,-1600
07/19/2025 22:30,SCH - HQ - NY,23324,-489,1500,-980
07/19/2025 22:30,SCH - HQ_CEDARS,325274,0,270,-40
07/19/2025 22:30,SCH - HQ_IMPORT_EXPORT,325376,-489,1310,-9999
07/19/2025 22:30,SCH - NE - NY,23318,-338.37,1400,-1600
07/19/2025 22:30,SCH - NPX_1385,325277,-93,125,-125
07/19/2025 22:30,SCH - NPX_CSC,325154,330,330,-330
07/19/2025 22:30,SCH - OH - NY,23317,1142.36,2000,-1600
07/19/2025 22:30,SCH - PJ - NY,23316,565.01,2000,-1050
07/19/2025 22:30,SCH - PJM_HTP,325905,660,660,-660
07/19/2025 22:30,SCH - PJM_NEPTUNE,325305,660,660,-660
07/19/2025 22:30,SCH - PJM_VFT,325658,315,315,-315
07/19/2025 22:30,SPR/DUN-SOUTH,23320,1531.01,4600,-9999
07/19/2025 22:30,TOTAL EAST,23314,1365.13,7550,-9999
07/19/2025 22:30,UPNY CONED,23315,2540.47,6985,-9999
07/19/2025 22:30,WEST CENTRAL,23312,1.65,9999,-9999
07/19/2025 22:35,CENTRAL EAST - VC,23330,908.93,3065,-9999
07/19/2025 22:35,DYSINGER EAST,23326,547.36,3200,-9999
07/19/2025 22:35,MOSES SOUTH,23319,-343.64,3150,-1600
07/19/2025 22:35,SCH - HQ - NY,23324,-489,1500,-980
07/19/2025 22:35,SCH - HQ_CEDARS,325274,0,270,-40
07/19/2025 22:35,SCH - HQ_IMPORT_EXPORT,325376,-489,1310,-9999
07/19/2025 22:35,SCH - NE - NY,23318,-247.82,1400,-1600
07/19/2025 22:35,SCH - NPX_1385,325277,-93,125,-125
07/19/2025 22:35,SCH - NPX_CSC,325154,330,330,-330
07/19/2025 22:35,SCH - OH - NY,23317,1142.42,2000,-1600
07/19/2025 22:35,SCH - PJ - NY,23316,558.52,2000,-1050
07/19/2025 22:35,SCH - PJM_HTP,325905,660,660,-660
07/19/2025 22:35,SCH - PJM_NEPTUNE,325305,660,660,-660
07/19/2025 22:35,SCH - PJM_VFT,325658,315,315,-315
07/19/2025 22:35,SPR/DUN-SOUTH,23320,1578.16,4600,-9999
07/19/2025 22:35,TOTAL EAST,23314,1322.32,7550,-9999
07/19/2025 22:35,UPNY CONED,23315,2578.09,6985,-9999
07/19/2025 22:35,WEST CENTRAL,23312,-35.92,9999,-9999
07/19/2025 22:40,CENTRAL EAST - VC,23330,931.05,3065,-9999
07/19/2025 22:40,DYSINGER EAST,23326,576.6,3200,-9999
07/19/2025 22:40,MOSES SOUTH,23319,-347.71,3150,-1600
07/19/2025 22:40,SCH - HQ - NY,23324,-489,1500,-980
07/19/2025 22:40,SCH - HQ_CEDARS,325274,0,270,-40
07/19/2025 22:40,SCH - HQ_IMPORT_EXPORT,325376,-489,1310,-9999
07/19/2025 22:40,SCH - NE - NY,23318,-247.88,1400,-1600
07/19/2025 22:40,SCH - NPX_1385,325277,-93,125,-125
07/19/2025 22:40,SCH - NPX_CSC,325154,330,330,-330
07/19/2025 22:40,SCH - OH - NY,23317,1142.34,2000,-1600
07/19/2025 22:40,SCH - PJ - NY,23316,561.41,2000,-1050
07/19/2025 22:40,SCH - PJM_HTP,325905,660,660,-660
07/19/2025 22:40,SCH - PJM_NEPTUNE,325305,660,660,-660
07/19/2025 22:40,SCH - PJM_VFT,325658,315,315,-315
07/19/2025 22:40,SPR/DUN-SOUTH,23320,1632.36,4600,-9999
07/19/2025 22:40,TOTAL EAST,23314,1354.29,7550,-9999
07/19/2025 22:40,UPNY CONED,23315,2617.03,6985,-9999
07/19/2025 22:40,WEST CENTRAL,23312,0.38,9999,-9999
07/19/2025 22:45,CENTRAL EAST - VC,23330,999.29,3065,-9999
07/19/2025 22:45,DYSINGER EAST,23326,640.44,3200,-9999
07/19/2025 22:45,MOSES SOUTH,23319,-340.25,3150,-1600
07/19/2025 22:45,SCH - HQ - NY,23324,-489,1500,-980
07/19/2025 22:45,SCH - HQ_CEDARS,325274,0,270,-40
07/19/2025 22:45,SCH - HQ_IMPORT_EXPORT,325376,-489,1310,-9999
07/19/2025 22:45,SCH - NE - NY,23318,-97.43,1400,-1600
07/19/2025 22:45,SCH - NPX_1385,325277,-93,125,-125
07/19/2025 22:45,SCH - NPX_CSC,325154,330,330,-330
07/19/2025 22:45,SCH - OH - NY,23317,1142.32,2000,-1600
07/19/2025 22:45,SCH - PJ - NY,23316,560.74,2000,-1050
07/19/2025 22:45,SCH - PJM_HTP,325905,660,660,-660
07/19/2025 22:45,SCH - PJM_NEPTUNE,325305,660,660,-660
07/19/2025 22:45,SCH - PJM_VFT,325658,315,315,-315
07/19/2025 22:45,SPR/DUN-SOUTH,23320,1803.3,4600,-9999
07/19/2025 22:45,TOTAL EAST,23314,1494.31,7550,-9999
07/19/2025 22:45,UPNY CONED,23315,2809.66,6985,-9999
07/19/2025 22:45,WEST CENTRAL,23312,78.13,9999,-9999
07/19/2025 22:50,CENTRAL EAST - VC,23330,871,3065,-9999
07/19/2025 22:50,DYSINGER EAST,23326,572.73,3200,-9999
07/19/2025 22:50,MOSES SOUTH,23319,-358.21,3150,-1600
07/19/2025 22:50,SCH - HQ - NY,23324,-489,1500,-980
07/19/2025 22:50,SCH - HQ_CEDARS,325274,0,270,-40
07/19/2025 22:50,SCH - HQ_IMPORT_EXPORT,325376,-489,1310,-9999
07/19/2025 22:50,SCH - NE - NY,23318,53.89,1400,-1600
07/19/2025 22:50,SCH - NPX_1385,325277,-93,125,-125
07/19/2025 22:50,SCH - NPX_CSC,325154,330,330,-330
07/19/2025 22:50,SCH - OH - NY,23317,1142.38,2000,-1600
07/19/2025 22:50,SCH - PJ - NY,23316,556,2000,-1050
07/19/2025 22:50,SCH - PJM_HTP,325905,660,660,-660
07/19/2025 22:50,SCH - PJM_NEPTUNE,325305,660,660,-660
07/19/2025 22:50,SCH - PJM_VFT,325658,315,315,-315
07/19/2025 22:50,SPR/DUN-SOUTH,23320,1826.63,4600,-9999
07/19/2025 22:50,TOTAL EAST,23314,1430.79,7550,-9999
07/19/2025 22:50,UPNY CONED,23315,2826.88,6985,-9999
07/19/2025 22:50,WEST CENTRAL,23312,14.35,9999,-9999
07/19/2025 22:55,CENTRAL EAST - VC,23330,833.55,3065,-9999
07/19/2025 22:55,DYSINGER EAST,23326,454.32,3200,-9999
07/19/2025 22:55,MOSES SOUTH,23319,-293.59,3150,-1600
07/19/2025 22:55,SCH - HQ - NY,23324,-489,1500,-980
07/19/2025 22:55,SCH - HQ_CEDARS,325274,0,270,-40
07/19/2025 22:55,SCH - HQ_IMPORT_EXPORT,325376,-489,1310,-9999
07/19/2025 22:55,SCH - NE - NY,23318,53.77,1400,-1600
07/19/2025 22:55,SCH - NPX_1385,325277,-93,125,-125
07/19/2025 22:55,SCH - NPX_CSC,325154,330,330,-330
07/19/2025 22:55,SCH - OH - NY,23317,1142.33,2000,-1600
07/19/2025 22:55,SCH - PJ - NY,23316,558.38,2000,-1050
07/19/2025 22:55,SCH - PJM_HTP,325905,660,660,-660
07/19/2025 22:55,SCH - PJM_NEPTUNE,325305,660,660,-660
07/19/2025 22:55,SCH - PJM_VFT,325658,315,315,-315
07/19/2025 22:55,SPR/DUN-SOUTH,23320,1775.1,4600,-9999
07/19/2025 22:55,TOTAL EAST,23314,1351.07,7550,-9999
07/19/2025 22:55,UPNY CONED,23315,2764.09,6985,-9999
07/19/2025 22:55,WEST CENTRAL,23312,-101.6,9999,-9999
07/19/2025 23:00,CENTRAL EAST - VC,23330,1061.71,3065,-9999
07/19/2025 23:00,DYSINGER EAST,23326,455.7,3200,-9999
07/19/2025 23:00,MOSES SOUTH,23319,-140.55,3150,-1600
07/19/2025 23:00,SCH - HQ - NY,23324,-294,1500,-980
07/19/2025 23:00,SCH - HQ_CEDARS,325274,0,270,-40
07/19/2025 23:00,SCH - HQ_IMPORT_EXPORT,325376,-294,1310,-9999
07/19/2025 23:00,SCH - NE - NY,23318,-50.37,1400,-1600
07/19/2025 23:00,SCH - NPX_1385,325277,-66,125,-125
07/19/2025 23:00,SCH - NPX_CSC,325154,330,330,-330
07/19/2025 23:00,SCH - OH - NY,23317,1271.3,2000,-1600
07/19/2025 23:00,SCH - PJ - NY,23316,502.22,2000,-1050
07/19/2025 23:00,SCH - PJM_HTP,325905,660,660,-660
07/19/2025 23:00,SCH - PJM_NEPTUNE,325305,660,660,-660
07/19/2025 23:00,SCH - PJM_VFT,325658,315,315,-315
07/19/2025 23:00,SPR/DUN-SOUTH,23320,1887.64,4600,-9999
07/19/2025 23:00,TOTAL EAST,23314,1562.68,7550,-9999
07/19/2025 23:00,UPNY CONED,23315,2878.73,6985,-9999
07/19/2025 23:00,WEST CENTRAL,23312,-92.97,9999,-9999
07/19/2025 23:05,CENTRAL EAST - VC,23330,1096.59,3065,-9999
07/19/2025 23:05,DYSINGER EAST,23326,509.06,3200,-9999
07/19/2025 23:05,MOSES SOUTH,23319,50.31,3150,-1600
07/19/2025 23:05,SCH - HQ - NY,23324,-99,1500,-980
07/19/2025 23:05,SCH - HQ_CEDARS,325274,0,270,-40
07/19/2025 23:05,SCH - HQ_IMPORT_EXPORT,325376,-99,1310,-9999
07/19/2025 23:05,SCH - NE - NY,23318,-154.12,1400,-1600
07/19/2025 23:05,SCH - NPX_1385,325277,-38,125,-125
07/19/2025 23:05,SCH - NPX_CSC,325154,330,330,-330
07/19/2025 23:05,SCH - OH - NY,23317,1400.19,2000,-1600
07/19/2025 23:05,SCH - PJ - NY,23316,443.21,2000,-1050
07/19/2025 23:05,SCH - PJM_HTP,325905,660,660,-660
07/19/2025 23:05,SCH - PJM_NEPTUNE,325305,660,660,-660
07/19/2025 23:05,SCH - PJM_VFT,325658,315,315,-315
07/19/2025 23:05,SPR/DUN-SOUTH,23320,1897.17,4600,-9999
07/19/2025 23:05,TOTAL EAST,23314,1636.89,7550,-9999
07/19/2025 23:05,UPNY CONED,23315,2894.57,6985,-9999
07/19/2025 23:05,WEST CENTRAL,23312,-33.78,9999,-9999
07/19/2025 23:10,CENTRAL EAST - VC,23330,1126.25,3065,-9999
07/19/2025 23:10,DYSINGER EAST,23326,511.48,3200,-9999
07/19/2025 23:10,MOSES SOUTH,23319,-3.54,3150,-1600
07/19/2025 23:10,SCH - HQ - NY,23324,-99,1500,-980
07/19/2025 23:10,SCH - HQ_CEDARS,325274,0,270,-40
07/19/2025 23:10,SCH - HQ_IMPORT_EXPORT,325376,-99,1310,-9999
07/19/2025 23:10,SCH - NE - NY,23318,-153.93,1400,-1600
07/19/2025 23:10,SCH - NPX_1385,325277,-38,125,-125
07/19/2025 23:10,SCH - NPX_CSC,325154,330,330,-330
07/19/2025 23:10,SCH - OH - NY,23317,1400.22,2000,-1600
07/19/2025 23:10,SCH - PJ - NY,23316,442.89,2000,-1050
07/19/2025 23:10,SCH - PJM_HTP,325905,660,660,-660
07/19/2025 23:10,SCH - PJM_NEPTUNE,325305,660,660,-660
07/19/2025 23:10,SCH - PJM_VFT,325658,315,315,-315
07/19/2025 23:10,SPR/DUN-SOUTH,23320,1963.07,4600,-9999
07/19/2025 23:10,TOTAL EAST,23314,1674.73,7550,-9999
07/19/2025 23:10,UPNY CONED,23315,2959.16,6985,-9999
07/19/2025 23:10,WEST CENTRAL,23312,-24.66,9999,-9999
07/19/2025 23:15,CENTRAL EAST - VC,23330,1162.91,3065,-9999
07/19/2025 23:15,DYSINGER EAST,23326,517.02,3200,-9999
07/19/2025 23:15,MOSES SOUTH,23319,-45.44,3150,-1600
07/19/2025 23:15,SCH - HQ - NY,23324,-99,1500,-980
07/19/2025 23:15,SCH - HQ_CEDARS,325274,0,270,-40
07/19/2025 23:15,SCH - HQ_IMPORT_EXPORT,325376,-99,1310,-9999
07/19/2025 23:15,SCH - NE - NY,23318,-107.66,1400,-1600
07/19/2025 23:15,SCH - NPX_1385,325277,-38,125,-125
07/19/2025 23:15,SCH - NPX_CSC,325154,330,330,-330
07/19/2025 23:15,SCH - OH - NY,23317,1400.11,2000,-1600
07/19/2025 23:15,SCH - PJ - NY,23316,440.99,2000,-1050
07/19/2025 23:15,SCH - PJM_HTP,325905,660,660,-660
07/19/2025 23:15,SCH - PJM_NEPTUNE,325305,660,660,-660
07/19/2025 23:15,SCH - PJM_VFT,325658,315,315,-315
07/19/2025 23:15,SPR/DUN-SOUTH,23320,2078.9,4600,-9999
07/19/2025 23:15,TOTAL EAST,23314,1751.96,7550,-9999
07/19/2025 23:15,UPNY CONED,23315,3058.89,6985,-9999
07/19/2025 23:15,WEST CENTRAL,23312,-13.23,9999,-9999
07/19/2025 23:20,CENTRAL EAST - VC,23330,1135.87,3065,-9999
07/19/2025 23:20,DYSINGER EAST,23326,528.52,3200,-9999
07/19/2025 23:20,MOSES SOUTH,23319,-1.64,3150,-1600
07/19/2025 23:20,SCH - HQ - NY,23324,-99,1500,-980
07/19/2025 23:20,SCH - HQ_CEDARS,325274,0,270,-40
07/19/2025 23:20,SCH - HQ_IMPORT_EXPORT,325376,-99,1310,-9999
07/19/2025 23:20,SCH - NE - NY,23318,-61.38,1400,-1600
07/19/2025 23:20,SCH - NPX_1385,325277,-38,125,-125
07/19/2025 23:20,SCH - NPX_CSC,325154,330,330,-330
07/19/2025 23:20,SCH - OH - NY,23317,1400.09,2000,-1600
07/19/2025 23:20,SCH - PJ - NY,23316,442.03,2000,-1050
07/19/2025 23:20,SCH - PJM_HTP,325905,660,660,-660
07/19/2025 23:20,SCH - PJM_NEPTUNE,325305,660,660,-660
07/19/2025 23:20,SCH - PJM_VFT,325658,315,315,-315
07/19/2025 23:20,SPR/DUN-SOUTH,23320,2095.49,4600,-9999
07/19/2025 23:20,TOTAL EAST,23314,1697.94,7550,-9999
07/19/2025 23:20,UPNY CONED,23315,3067.92,6985,-9999
07/19/2025 23:20,WEST CENTRAL,23312,4.06,9999,-9999
07/19/2025 23:25,CENTRAL EAST - VC,23330,1054.55,3065,-9999
07/19/2025 23:25,DYSINGER EAST,23326,429.09,3200,-9999
07/19/2025 23:25,MOSES SOUTH,23319,4.51,3150,-1600
07/19/2025 23:25,SCH - HQ - NY,23324,-99,1500,-980
07/19/2025 23:25,SCH - HQ_CEDARS,325274,0,270,-40
07/19/2025 23:25,SCH - HQ_IMPORT_EXPORT,325376,-99,1310,-9999
07/19/2025 23:25,SCH - NE - NY,23318,-60.96,1400,-1600
07/19/2025 23:25,SCH - NPX_1385,325277,-38,125,-125
07/19/2025 23:25,SCH - NPX_CSC,325154,330,330,-330
07/19/2025 23:25,SCH - OH - NY,23317,1400.16,2000,-1600
07/19/2025 23:25,SCH - PJ - NY,23316,441.78,2000,-1050
07/19/2025 23:25,SCH - PJM_HTP,325905,660,660,-660
07/19/2025 23:25,SCH - PJM_NEPTUNE,325305,660,660,-660
07/19/2025 23:25,SCH - PJM_VFT,325658,315,315,-315
07/19/2025 23:25,SPR/DUN-SOUTH,23320,2027.12,4600,-9999
07/19/2025 23:25,TOTAL EAST,23314,1657.2,7550,-9999
07/19/2025 23:25,UPNY CONED,23315,2991,6985,-9999
07/19/2025 23:25,WEST CENTRAL,23312,-88.74,9999,-9999
07/19/2025 23:30,CENTRAL EAST - VC,23330,1016.96,3065,-9999
07/19/2025 23:30,DYSINGER EAST,23326,356.91,3200,-9999
07/19/2025 23:30,MOSES SOUTH,23319,-6,3150,-1600
07/19/2025 23:30,SCH - HQ - NY,23324,-99,1500,-980
07/19/2025 23:30,SCH - HQ_CEDARS,325274,0,270,-40
07/19/2025 23:30,SCH - HQ_IMPORT_EXPORT,325376,-99,1310,-9999
07/19/2025 23:30,SCH - NE - NY,23318,-17.74,1400,-1600
07/19/2025 23:30,SCH - NPX_1385,325277,-38,125,-125
07/19/2025 23:30,SCH - NPX_CSC,325154,330,330,-330
07/19/2025 23:30,SCH - OH - NY,23317,1400.34,2000,-1600
07/19/2025 23:30,SCH - PJ - NY,23316,443.01,2000,-1050
07/19/2025 23:30,SCH - PJM_HTP,325905,660,660,-660
07/19/2025 23:30,SCH - PJM_NEPTUNE,325305,660,660,-660
07/19/2025 23:30,SCH - PJM_VFT,325658,315,315,-315
07/19/2025 23:30,SPR/DUN-SOUTH,23320,2019.63,4600,-9999
07/19/2025 23:30,TOTAL EAST,23314,1640.08,7550,-9999
07/19/2025 23:30,UPNY CONED,23315,2980.51,6615,-9999
07/19/2025 23:30,WEST CENTRAL,23312,-152.47,9999,-9999
07/19/2025 23:35,CENTRAL EAST - VC,23330,1057.46,3065,-9999
07/19/2025 23:35,DYSINGER EAST,23326,379.03,3200,-9999
07/19/2025 23:35,MOSES SOUTH,23319,9.25,3150,-1600
07/19/2025 23:35,SCH - HQ - NY,23324,-99,1500,-980
07/19/2025 23:35,SCH - HQ_CEDARS,325274,0,270,-40
07/19/2025 23:35,SCH - HQ_IMPORT_EXPORT,325376,-99,1310,-9999
07/19/2025 23:35,SCH - NE - NY,23318,24.37,1400,-1600
07/19/2025 23:35,SCH - NPX_1385,325277,-38,125,-125
07/19/2025 23:35,SCH - NPX_CSC,325154,330,330,-330
07/19/2025 23:35,SCH - OH - NY,23317,1400.34,2000,-1600
07/19/2025 23:35,SCH - PJ - NY,23316,442.17,2000,-1050
07/19/2025 23:35,SCH - PJM_HTP,325905,660,660,-660
07/19/2025 23:35,SCH - PJM_NEPTUNE,325305,660,660,-660
07/19/2025 23:35,SCH - PJM_VFT,325658,315,315,-315
07/19/2025 23:35,SPR/DUN-SOUTH,23320,2091.03,4600,-9999
07/19/2025 23:35,TOTAL EAST,23314,1680.23,7550,-9999
07/19/2025 23:35,UPNY CONED,23315,3044.6,6615,-9999
07/19/2025 23:35,WEST CENTRAL,23312,-126.06,9999,-9999
07/19/2025 23:40,CENTRAL EAST - VC,23330,1118.63,3065,-9999
07/19/2025 23:40,DYSINGER EAST,23326,435.45,3200,-9999
07/19/2025 23:40,MOSES SOUTH,23319,6.59,3150,-1600
07/19/2025 23:40,SCH - HQ - NY,23324,-99,1500,-980
07/19/2025 23:40,SCH - HQ_CEDARS,325274,0,270,-40
07/19/2025 23:40,SCH - HQ_IMPORT_EXPORT,325376,-99,1310,-9999
07/19/2025 23:40,SCH - NE - NY,23318,24.13,1400,-1600
07/19/2025 23:40,SCH - NPX_1385,325277,-38,125,-125
07/19/2025 23:40,SCH - NPX_CSC,325154,330,330,-330
07/19/2025 23:40,SCH - OH - NY,23317,1400.21,2000,-1600
07/19/2025 23:40,SCH - PJ - NY,23316,439.35,2000,-1050
07/19/2025 23:40,SCH - PJM_HTP,325905,660,660,-660
07/19/2025 23:40,SCH - PJM_NEPTUNE,325305,660,660,-660
07/19/2025 23:40,SCH - PJM_VFT,325658,315,315,-315
07/19/2025 23:40,SPR/DUN-SOUTH,23320,2165.96,4600,-9999
07/19/2025 23:40,TOTAL EAST,23314,1713.73,7550,-9999
07/19/2025 23:40,UPNY CONED,23315,3108.73,6615,-9999
07/19/2025 23:40,WEST CENTRAL,23312,-63.99,9999,-9999
07/19/2025 23:45,CENTRAL EAST - VC,23330,1118.71,3065,-9999
07/19/2025 23:45,DYSINGER EAST,23326,417.57,3200,-9999
07/19/2025 23:45,MOSES SOUTH,23319,18.96,3150,-1600
07/19/2025 23:45,SCH - HQ - NY,23324,-99,1500,-980
07/19/2025 23:45,SCH - HQ_CEDARS,325274,0,270,-40
07/19/2025 23:45,SCH - HQ_IMPORT_EXPORT,325376,-99,1310,-9999
07/19/2025 23:45,SCH - NE - NY,23318,-98.51,1400,-1600
07/19/2025 23:45,SCH - NPX_1385,325277,-38,125,-125
07/19/2025 23:45,SCH - NPX_CSC,325154,330,330,-330
07/19/2025 23:45,SCH - OH - NY,23317,1400.25,2000,-1600
07/19/2025 23:45,SCH - PJ - NY,23316,441.34,2000,-1050
07/19/2025 23:45,SCH - PJM_HTP,325905,660,660,-660
07/19/2025 23:45,SCH - PJM_NEPTUNE,325305,660,660,-660
07/19/2025 23:45,SCH - PJM_VFT,325658,315,315,-315
07/19/2025 23:45,SPR/DUN-SOUTH,23320,2074.62,4600,-9999
07/19/2025 23:45,TOTAL EAST,23314,1748.34,7550,-9999
07/19/2025 23:45,UPNY CONED,23315,3010.17,6615,-9999
07/19/2025 23:45,WEST CENTRAL,23312,-73.01,9999,-9999
07/19/2025 23:50,CENTRAL EAST - VC,23330,1110.38,3065,-9999
07/19/2025 23:50,DYSINGER EAST,23326,379.83,3200,-9999
07/19/2025 23:50,MOSES SOUTH,23319,5.98,3150,-1600
07/19/2025 23:50,SCH - HQ - NY,23324,-99,1500,-980
07/19/2025 23:50,SCH - HQ_CEDARS,325274,0,270,-40
07/19/2025 23:50,SCH - HQ_IMPORT_EXPORT,325376,-99,1310,-9999
07/19/2025 23:50,SCH - NE - NY,23318,-222.41,1400,-1600
07/19/2025 23:50,SCH - NPX_1385,325277,-38,125,-125
07/19/2025 23:50,SCH - NPX_CSC,325154,330,330,-330
07/19/2025 23:50,SCH - OH - NY,23317,1400.4,2000,-1600
07/19/2025 23:50,SCH - PJ - NY,23316,440.43,2000,-1050
07/19/2025 23:50,SCH - PJM_HTP,325905,660,660,-660
07/19/2025 23:50,SCH - PJM_NEPTUNE,325305,660,660,-660
07/19/2025 23:50,SCH - PJM_VFT,325658,315,315,-315
07/19/2025 23:50,SPR/DUN-SOUTH,23320,1967.24,4600,-9999
07/19/2025 23:50,TOTAL EAST,23314,1752.78,7550,-9999
07/19/2025 23:50,UPNY CONED,23315,2881.6,6615,-9999
07/19/2025 23:50,WEST CENTRAL,23312,-107.01,9999,-9999
07/19/2025 23:55,CENTRAL EAST - VC,23330,1168.58,3065,-9999
07/19/2025 23:55,DYSINGER EAST,23326,374.71,3200,-9999
07/19/2025 23:55,MOSES SOUTH,23319,5.33,3150,-1600
07/19/2025 23:55,SCH - HQ - NY,23324,-99,1500,-980
07/19/2025 23:55,SCH - HQ_CEDARS,325274,0,270,-40
07/19/2025 23:55,SCH - HQ_IMPORT_EXPORT,325376,-99,1310,-9999
07/19/2025 23:55,SCH - NE - NY,23318,-223,1400,-1600
07/19/2025 23:55,SCH - NPX_1385,325277,-38,125,-125
07/19/2025 23:55,SCH - NPX_CSC,325154,330,330,-330
07/19/2025 23:55,SCH - OH - NY,23317,1400.52,2000,-1600
07/19/2025 23:55,SCH - PJ - NY,23316,447.68,2000,-1050
07/19/2025 23:55,SCH - PJM_HTP,325905,660,660,-660
07/19/2025 23:55,SCH - PJM_NEPTUNE,325305,660,660,-660
07/19/2025 23:55,SCH - PJM_VFT,325658,315,315,-315
07/19/2025 23:55,SPR/DUN-SOUTH,23320,2029.96,4600,-9999
07/19/2025 23:55,TOTAL EAST,23314,1776.67,7550,-9999
07/19/2025 23:55,UPNY CONED,23315,2938.08,6615,-9999
07/19/2025 23:55,WEST CENTRAL,23312,-104.54,9999,-9999
